0143692D264FD906F10B8ECAB0F139D1:0,1695,0,62,78237,0,0,1751,0,0,0,112,163,0
01EDEB72AE20FE8BD93D126EC0FBAF91:303,29,87,112,6999,0,1074,13525,0,0,0,0,0,0
0238BF8BE49F536ABC8F6670B766CAA7:172,628,2326,53622,7657,0,0,390,0,0,360,0,0,0
02BF8ABFA665EA584964322AEC740E20:0,0,0,28,60,0,134,134,0,0,0,0,0,0
0339FC64528A066AB3EE8E1C90CA0B56:1529,33398,194,724,3226,74,362,6810,0,284,0,72,63,0
03AF956B4521A1AE096D3F10FB662D23:0,2,0,2,0,0,0,0,0,0,0,0,0,0
03C3D1E536560A76B66CAC523F258385:170,0,0,0,2501,0,195,93,0,0,203,0,0,0
03D2A06576A04EEF4BE27B87FE84C7D2:2076,4290,0,36819,7643,0,2177,3076,0,120,0,587,0,502
03DF84A064F0A0A3FC0EBB8B1A833DD5:184,4,0,37,455,0,20,92,0,0,0,0,0,0
03E7A57A54E58BEC81CCD69D8239583B:4344,159,0,2515,501,988,0,1041,0,1441,105,83,403,0
03ED6C135C5912CF3BD6060F43EDEDF1:550,15343,0,15189,7663,81,0,549,0,0,0,0,0,0
0496990FDBBC5B49DF47D934CFF28CFB:30559,0,3288,627,62410,0,0,168,0,577,0,580,124,0
04BABE9EBBC0F48F79ABD7CB6191508E:0,0,26,2351,28,0,66,168,0,0,12,0,0,0
04EB8989F07D878D029C9DCDCB6A3BD7:0,0,0,3690,28285,0,0,7752,0,0,9,0,17,0
051832EC14FEA9898238C9D6C58F0A46:164,0,0,0,544,0,0,0,0,0,0,0,0,0
055F874129CF0ECFF352455ECE0B8209:0,143,0,0,14,0,450,0,0,0,0,0,0,0
0564D287D61CDB0C9870A405E34A5E82:0,17044,0,39286,21097,0,4024,54292,0,0,0,0,66,0
057D26FB81F8413B2767431F69DB36C7:54,5,5,0,0,0,0,0,0,0,0,0,0,0
06329D6F99A22DD5B296988E9F716422:980,130,0,163,226,0,0,0,0,0,0,0,0,0
066906620E978664F94CD28D5E2AED02:361,17906,0,16416,14695,0,330,652,0,0,64,32,0,0
067FC9C8D8D15B80CA775A1D9433CB48:0,0,0,0,0,0,0,0,0,0,0,0,0,0
06E9A101B77B2DAEBE8E57420B7E683E:167,0,0,32737,1150,0,342,3273,0,0,0,0,208,0
074AC99B8EB791C444E70D63CD55EB10:48,2147,0,162,5302,0,80,4110,0,0,22,0,0,0
0785946275B91BE0F31FAD4A225ECFC2:13183,308,8410,12276,13310,623,772,16128,0,7966,0,162,235,0
078D31F088D04F0A05AD1F68791F0653:0,387,360,114,805,0,182,46685,0,0,0,0,0,0
07AAAC73119FFA7CF51E682D60AAD759:0,0,0,0,21,0,0,0,0,0,0,0,0,0
07BBF3D62377B1FF602C823E8DA9FC4D:292,0,0,0,832,0,187,0,125,0,0,0,95,0
07C72DF2929683FCDC1EBCF48F40DDCE:28,3906,1570,0,414,0,183,1150,0,0,183,0,58,0
0825DF17932DDAC75AD58D0AD5339AA0:392,94,0,4325,4033,0,0,123,0,22,21,126,70,0
085DCFD65206B0BB8CF78072664FA04F:0,0,0,0,0,0,918,0,0,17,0,0,0,0
0962B4B9495C7D5510D4B9F9E2E866FB:0,0,0,20,8,0,0,187,0,0,0,0,0,0
09BD2862FE3035AD3223816B439045E3:0,41,0,0,3,0,2,3,0,0,0,0,0,0
09E89F345161E239DAE87EAEE5C28262:0,0,0,0,0,0,0,0,0,0,0,0,0,0
09F23BBBE89A46C9A916761D917B9890:66,168,0,0,0,0,0,0,0,0,0,0,0,0
0A606A2554F72B28D3A7934D6BAF522B:0,0,0,0,0,0,0,0,0,0,0,0,0,0
0AB6BBBEDFF24EC8BAAC905F45AE314C:45,275,0,24,551,0,0,0,0,0,0,0,0,0
0AC18D27CC2284445BC249E8A83462FE:6809,177,1185,4732,11359,212,933,1498,1269,1028,155,4357,81,0
0AE734DB17C8BF9C3836A70572055808:543,932,214,3066,6596,94,0,1629,0,110,203,88,0,0
0B5F2CAF4C5DE1E3A8E68F505AE6899B:4190,1070,0,6361,4719,0,2683,7581379,0,182,67,369,40,0
0B9205B65DE6BAF09AE4AA49F37011A1:0,0,0,2624,0,0,0,0,0,0,0,0,0,0
0BC719BBA3A0FAAF93395383E2BE321F:460,242,123,834,13596,404,1060,272,0,0,5185,191,312,0
0C6BA76CAC5C657DF3A00CF623068CCE:0,0,0,0,1924,0,0,39,0,0,2,0,0,0
0CCDE911559EEC6EA79153D9F628B3CA:961,84,93,558,3963,0,1503,724,4423,0,1259,0,0,0
0CE76E1C86756413AFB7C167F528FFEF:468,3504,1480,2882,3044,0,542,9,0,196,234,0,0,979
0D1A0D9628B47A0540BC4150FC73E071:2588,1122,0,4158,33568,0,6186,16795,0,0,4676,251,2351,0
0D61B2200577F889863F80DE48244F6F:2733,112354,0,1001,52369,0,0,78416,0,0,0,0,0,0
0D711B593FC49F2EDCC47FFA5BF2E14D:0,0,0,346,38,0,0,0,0,346,0,0,0,0
0DB6071F9197B0F98B4159ABA4AA5E43:346,11250,1039,3966,1315,0,1812,11739,0,0,1294,249,0,0
0E33C082A1C41EF4782D80631B2B7700:0,0,0,8,0,0,0,54,0,0,0,0,0,0
0E9BBDC7E088E5022721609E6705F8F7:390,134174,0,58104,3743,0,384,4618,1,214,0,0,0,0
0F0CB59C1DDDC32BC9104448EABED4DB:0,0,0,0,0,0,0,0,0,0,0,0,0,0
0F2E2A3823F69C3B1E5CD0365F66FA56:0,4681,0,13334,30438,0,152,35786,0,0,686,0,0,0
0F3F1805B122C936ECDAEC2CB44A6C2C:62,215,0,0,965,0,0,74,0,0,0,0,0,0
10792F7A7EEE8B57A260E74ED5212978:323,915,21,1945,3753,0,0,1680,0,0,69,0,60,0
107D91560F0FC17E55448AB45C251264:37,70,0,0,37,0,0,0,0,0,0,0,0,0
1090D9126BB7058BCCD455DCA1DD97F6:154,158,0,0,232,0,23,30,0,0,0,0,0,0
109B1AFEC4A8B130E017BB848BB635EE:22,5996,64,34158,4156,0,80,15788,0,0,534,0,180,0
10B2355028C81201ED2683C02BA493F2:10439,1641,224,1530,22468,124,533,0,0,250,54,0,0,0
10C8583720D295D8D19759F1B5A5F06A:179,0,11108,20617,25739,0,0,10000000,0,0,0,0,0,0
1134AC57B5B1D38B7D70C1B6FEAA28CF:240,768,332,3201,14406,0,716,7673,0,0,78,0,0,0
11947D63A74B417AEE8633FABE44DD63:12294,2832,176,8001,26285,0,1258,5493,176,1299,842,0,0,144
11B708D3925491F95B44F51E0A70CDD4:12166,2477,0,8649,4267,9647,224,2570,0,0,0,2063,753,0
11F64A21A22A548559E4EDFBDD8E0397:0,0,0,212,1167,0,437,444,0,0,0,0,0,0
12177C89F2ABC8BFBB6C814C456C562E:2738,46,787,1166,1252,60,967,7744,0,0,883,0,21,0
1220FE300F11F9B16E4DC2AA42BD6176:287,316,0,1345,2678,1345,3080,1726,0,0,0,0,244,807
12215E7DB754EB330ABE11CD80A442D4:536,66,0,158,572,0,0,32690,0,0,850,0,0,0
124EF391809A7840A9B2D4454FACB867:13990,166,220,8480,3265,5068,0,1426,0,4280,138,0,116,2828
12649FAB721FB087039AF3469366DBD2:0,0,0,0,43,0,4,32,0,0,0,0,21,0
12F86FE25591796ABBA9C247988DD960:2291,82,168,2206,7828,0,104,4350,222,0,275,0,62,618
1333A1E0AE8EBF038B4C81FC04F1B896:70,0,0,0,0,0,0,1545,0,0,0,0,0,0
13A722ACAD464FCA0E239DDBD7EDF180:16853,4443,4081,38744,5374,6862,0,49578,1062,4203,7390,444,0,0
13F320E7B5EAD1024AC95C3B208610DB:0,0,0,0,0,0,0,0,0,0,0,0,0,0
1408358FE6A7F9327DD41A5651AC284C:21179,1413,0,0,8144,0,1818,0,0,0,0,632,0,0
141290BF85E8828275CA2C4FE4C48BB9:746,14,193,741,132,0,2,0,0,2,0,0,0,0
1412AA6BA8BF125A21BB8653AC890B39:3809,0,0,276,968,88,826,2128,0,374,72,0,73,0
141ADF32D37C8752BC0D1F8F285790C3:342,38,0,1281,679,0,360,937,0,0,0,0,92,0
143AB9820B9E2B860FCFAEE6D16E4028:10,992,390,396,8339,0,24,254,0,0,0,0,447,0
1477DAB91E40015799E73777F6390E57:0,206,0,295,0,0,0,0,0,0,16,0,0,0
14BD9E453F46E31D3373FB447FCE2D10:0,0,0,124,340,0,54,252,0,0,0,1112,0,0
14D62B5B74D0584BE285F7B603DC978B:0,0,0,0,38,0,6,0,0,0,0,0,0,0
150E6DEA93B9F1AE6001B75D4906A8E5:2121,151,0,1766,0,1222,302,81,0,0,174,0,99,0
15104CBC0187119D73FF3607BEE514E0:0,0,0,0,0,0,0,0,0,0,0,0,0,0
151B08D601BF8F2EDEF1BE37BEB4B47A:1696,81,0,7591,19025,0,2694,886,0,0,0,0,268,0
155FB16D786BC75976FBF0604EE61D47:460,61,0,36,1364,0,0,1333,0,0,0,294,272,0
156F0F1EE261F8A57FA37FDFDB022DEF:0,0,0,33,0,0,0,366,0,0,0,0,0,0
159F704B70B43950CF5489054FDCF274:154,70,0,0,1278,0,766,250,344,80,64,0,0,0
1619CC28B5035F8E283387468063A77B:3170,81,1269,2635,8960,98,12240,5477,0,0,0,0,0,0
164D796D98E6CAB44FB611B81EB81416:0,0,0,0,610,0,1328,0,0,0,0,0,0,0
16A46DA8AE7DD5C074713C9127BC7841:1084,0,0,1268,35,0,24,75,0,0,0,0,382,0
16E9AFCD9DB435194D8C321DA56FFF87:1307,4754,0,5612,90027,198,765,1056,0,7620,360,0,362,0
16F98F1331C1839B297E83BD8A4BBA48:0,118,0,231,107,0,0,73,0,0,0,0,0,0
16FDB90B36120A5EC2C7F8CC553DB3BD:0,155,0,0,0,0,18,0,0,0,0,0,0,0
17E09AFFE6DBB04FFB228799B320B7BC:760,206,872,388,5980,0,239,2431,102,110,886,0,66,0
1827A39385E05C9BC324270042193F02:1343,1042,146,9504,7921,0,849,2245,0,0,173,236,98,0
1864D10ADB3173388A7DA2FEB0C2E4F9:4452,0,0,576,946,0,0,51,0,0,0,0,320,0
189408F919AE7C1EAF1C1A1226A556E5:0,0,0,0,489,0,0,0,0,0,0,0,0,0
18A2A5F49CA48251F04834ED8ECA6954:1084,909,0,3718,2010,0,1410,8100,0,62,129,0,222,0
193BE7338B12F7BA897950EC31459A01:0,10,0,0,110,0,12,2,0,0,0,0,0,0
199E846A768605D4DE62740FF4759479:0,0,0,0,38,0,15,0,0,0,0,0,0,0
19CE4D0A68FB1F2064FB965CCF51BE4E:10727,138,610,1186,13979,0,88,3569,0,0,1388,606,56,32
19E75D18FD7C26D5839FE33C6E489734:984,0,0,0,37,0,0,0,0,0,348,0,2824,0
19EE48F85A318C184E23E0D0B2A9A503:200,2833,0,7254,17493,0,355,267,0,0,0,0,262,0
19F15158997A80A810EE78E6F0CABB46:2,0,0,0,0,0,0,0,0,0,0,0,0,0
1A65B9C120CA70E796BC5D3E625E9086:0,0,0,0,0,0,0,0,0,0,0,0,0,0
1AC82F4C978D3FD0C45FBAF5AF117278:1067,44,0,650,6387,0,1006,787,0,0,198,0,0,0
1B27B305F83B5C8FE1CD288039446FAF:5390,7443,339,35549,17016,0,355,10000000,0,68,310,19226,1627,0
1D035331ED376795C1F14479B94EE940:114,74,0,0,692,0,208,146,0,0,352,26,0,0
1D4F658370C9B123DC537C939DA6E12B:11478,4813,500,12211,1150,9653,140,20654,0,0,7579,0,0,216
1D5FC27F854F8D11E8F845700BE30BB4:0,0,0,0,0,0,0,42,0,0,0,0,0,0
1D97D2EB7F417BC14BA9F996BFD1D140:2689,0,0,63,78744,0,0,87,0,0,0,0,0,0
1E344F02CA8DF0C4CC9313A9964755E0:382,584,0,20,421,0,1395,512,0,0,0,0,365,0
1F1DD8F44C6C538628BAF7C7CBF537B1:335,46,0,201,956,0,1380,440,0,0,84,0,267,0
1F2414BFB07E61E2F1F857ADA3DB76CD:458,6351,547,18784,18095,544,2379,33584,0,0,3213,20619,0,212
1F5B5468C30731857C88E9FCD2E9541A:19,250,0,0,502,0,0,35,0,0,0,0,0,0
1F6B7C9A2B02E179494E10BEF08368B8:0,61,0,0,165,0,0,119,0,0,0,0,0,0
1FDE33D3E57CF927B0E348C8C23BDA14:0,46,0,0,32409,0,6841,29182,0,1017,1942,170,0,8437
2043D2A8FA2208B4C5F19BC6D5A94320:0,91,0,0,895,0,0,0,0,0,0,0,0,0
20984A1606DE751ADB448145C13B72B9:0,0,0,1779,11575,0,3319,3604,0,0,0,0,0,0
20B0B483DAEA9D8BF1B8DCBE2B37B3E8:0,0,0,0,0,0,6,44,0,0,0,0,0,0
20C99C680BFF19BD1D0925E3AEB26F86:5405,3978,7770,7894,2491,79,1547,11417,0,509,2007,288,0,70
20FD6A28E62C7C91677532522CFA4907:0,0,0,893,73,0,0,0,0,0,0,0,0,0
213663B6F2793AE812B5374727D9B52D:233,64,0,44,14,0,2,14,0,0,0,0,0,0
21574342601F02E33C9DB0C8C830889C:67,14,42,539,28,0,66,0,0,0,0,0,0,0
21C54CE80C745CDC121EB28C2E012042:731,102,448,24092,6542,0,1960,10867,0,0,99,3499,504,0
221C2C491BBE1C88E6CABFA419C04EFD:1370,96,938,326,7496,0,0,3866,0,0,1898,0,412,0
2273FBDCFA88AAD8116C6EE991E99939:2473,850,424,5617,24144,0,0,8046,0,0,1113,0,0,265
2282F074144A175DF764041F99FBF297:17351,10601,0,34189,364,0,153,860,0,0,0,70,198,0
22971F0B6642652F693D67159B5B1C0D:6515,1192,928,9036,18035,44,2246,9807,0,241,511,0,182,227
22B58C528963CE0229FA10302E85FEBC:0,0,0,2418,981,0,4526,2064,0,0,30,0,3868,0
22F737E47D8261297D774F773EA41105:1585,1434,523,5769,6496,0,813,1296,0,1753,190,0,65,0
233C7DF096EED6D5B1194F1CAEFC91B8:2114,412,737,558,13977,520,0,5134277,0,141,1229,439,0,0
23CE1851341EC1FA9E0C259DE10BF87C:1982,9969,0,9764,11380,156,55,3343,0,0,573,0,3972,0
23D0B0CD4A3205A7A59519AD28499164:18442,23051,0,11361,11886,116,135,9941,0,7289,0,130,470,1333
23D3D528839B751AAE4370A0B7A38577:0,0,0,4670,1664,0,0,102,0,0,0,0,0,0
23FDDE3B29242FC4292572A2A9F88FCA:2353,621,46,674,8095,0,704,4242,0,638,748,281,102,98
249BDBEADAAB07B22AC9966412827410:0,0,0,0,0,0,0,0,0,0,0,0,0,0
249E0710272FFDC8A91DD80B2E24EB2D:60,75,0,43246,56803,554,122,7411,0,0,360,0,0,0
254A89790A4B4E5024DA5165F5AFA1D2:50,1119,0,15777,1730,0,46,1932,0,0,320,0,0,0
25C06C8595B0C5ABD6BED69C500402A4:0,0,0,0,0,0,0,192,0,0,0,0,0,0
25D5A028CCA062ED188C6E4A821D0BF0:0,0,0,0,0,0,0,0,0,0,0,0,0,0
25E52241E749BA91469AD45E78BA8A12:0,1079,0,1212,0,0,0,0,0,0,36,0,0,0
25ED8124AB75E57ECE0C62D91E7BB303:1969,0,181,979,14491,0,279,2975,0,0,92,0,205,1265
260B63494048521A1810F075504872A4:0,417,0,0,116,0,0,0,0,0,0,0,0,0
262792844B29895A637BC6AB97ED2145:1288,0,262,45,1950,0,1847,0,0,0,0,11788,0,0
264C064D3CF70DDAEDECF419C6A29A73:22957,25314,0,38396,22200,0,2945,2076,0,4681,409,111,290,0
26A85273EAF7231270DADE90CFCFDF20:585,0,0,0,8626,0,2039,1279,0,0,0,0,0,0
26B514CD0405553B0D4738D29D296E05:0,0,0,0,14,0,0,0,0,0,0,0,0,0
26F765A27EAE0CC1267EC9983027ED2F:0,0,0,0,0,0,0,0,0,0,0,52,0,0
2702269297C998E6B2DE3C805CB46884:811,66,0,18115,2141,0,84,814,0,0,386,0,0,0
2739EAC4125DBF51326BBB5EBB6D2B91:9517,295,0,555,47237,1020,249,6700,0,729,5866,173,231,0
273E78EDE0FF68FCF04AA41A3DD8D36B:1095,2007,0,2456,14384,0,784,3445,0,0,0,436,0,0
2749A9ED1D7EF35F0E6ADE73CDFEA76A:0,208,0,212,0,0,0,0,0,0,0,0,0,0
28969798ED898A4BBC56996EEA938C7C:46,300,0,354,3309,0,342,1170,0,0,0,0,0,0
28F0D17D869C41074965E25EF4DDB4CC:0,19078,0,2372,16005,1150,0,13302,0,1430,2059,0,1119,0
297FBE6BE1631F492C1783CE8DB54A6E:560,0,548,96,1296,0,0,0,0,0,0,0,0,0
29A42462F5476AF6FF61DC2510D5C1DF:819,369,0,6077,9333,0,759,4746,0,0,0,0,50,285
29C60E8CCE9E070CCD32FCFDA7A5C527:1395,7312,346,103259,62474,0,11895,29956,0,0,1013,0,0,0
2ABC877EE92A4ECEAD6D3B64A2E44D92:0,0,0,36,0,0,0,0,0,0,0,0,0,0
2AC9E5C77E7A1679E05ACA106EA9AF01:28,1083,0,0,137,0,131,128,0,0,10,0,0,0
2BA3910CBD76E004FA653E821B0680A1:0,0,0,0,60,0,0,0,0,0,0,0,0,0
2BAC6CFB4DBB41AF2269DA8F445E2D11:0,81,112,0,709,0,134,2119,0,0,0,0,77,0
2C31FB57C2ABF081414D61B63A00752C:0,57782,0,41790,11600,0,658,26369,0,0,162,0,0,0
2D3684D438E29A50D1018842B810BE47:720,173,0,40,133,0,0,58,0,0,54,0,0,0
2D44D8FA0FAE33F9EB6D5B64A4E66E06:586,586,0,0,65,0,178,32,0,0,0,0,24,0
2D57916CBAE746F3EEF47583E0F13CC2:0,0,0,0,0,0,8,514,0,0,0,0,0,0
2D8C756F99E7C67C36AE8C64F4F3526E:0,6822,0,13056,167,0,372,3436,0,0,0,0,0,0
2DA6C1A6824AD9F0BDB16CF5027A2D78:216,240,0,182,32,58,306,154,0,0,0,0,309,0
2DC3448BE376C800FE326EC1D13DEBC0:6251,654,529,3342,3077,70,105,1215,0,156,0,0,261,0
2E0A7E6933D1DFA62A850BE5AD9A858F:0,3,0,3,2,0,0,0,0,0,1,0,0,0
2E2A039250CF822E5CF5D9A99A304901:3088,71,7943,5581,4611,1559,619,6378,0,361,0,134,214,0
2E32ABD9B99D80F62267ED7340AFF126:0,24,0,26,70,196,204,8,0,0,60,0,0,0
2E400A73FC6EC8CF7AC47E37888F8FEB:1781,796,238,2271,1857,0,3315,4432,0,0,0,0,134,218
2E6321CC61C8E1902EB0D9D8FB16BD1F:105,563,0,4,58,59,0,99,0,0,4,0,0,0
2E7F3A7BCE8DFB8B9F4364F9875C9B1B:6989,3840,9170,807,29449,0,1299,3137,3061,0,42,15965,76,0
2EE733831BAC94AE8B4D8B4A3FBBD104:14799,2805,0,2492,6466,433,24620,701,119,1419,114,0,204,384
2F025D1B45AB80E2999A146FF49909B6:5,7649,66,7837,0,0,0,105,25930,0,0,0,0,0
2F37CE1ACE06A770FAB4452DB0FE5C5F:70,0,0,0,438,0,0,26,0,0,143,0,0,0
2F79E1B12442A03E64C678040458FA5C:0,11593,0,9885,3877,0,0,1242,0,0,0,0,0,0
2FA6C9275D5C38AF0BCB41C470CE9707:325,0,0,0,705,0,0,368,0,0,216,131,0,0
305D05CB9AAC4B898D9479593A4D5795:214,0,0,342,152,0,0,6,0,2098,0,0,0,0
30720669122C04DD639FF2B230C11E93:366,0,0,7563,17814,0,432,430,0,270,0,0,0,0
3092158BE771C3F46DD0E4EAB00334A6:9578,13525,74,5105,946,567,0,0,0,0,0,66,0,0
30B1A01D3F62BF747F856235CC8BFB57:0,1000,0,2,62,0,50,46,0,0,22,0,0,0
30BAF43515E6EF3BA3B902062FBEB8A5:68,55,0,52,919,0,0,85,0,0,0,0,0,0
30E5BB73506E1AF232938FED0D219EB3:0,0,0,0,0,0,0,0,0,0,0,0,0,0
314F24D89530968B9FE661FC415F3DC4:19,0,0,0,205,0,0,14,0,0,0,0,0,0
321586A3CFE84E9365A55D0ED20FB62A:1011,3118,0,267,1469,0,132,2134,0,0,74,0,0,0
32C3D0CDAA575BC25350C7FCE4AD91E2:3122,50,790,2285,9289,0,13824,10477,0,0,338,0,49,3631
32DFF5D24F29F1D9490D295D33F439BC:1798,5699,700,3494,5477,44,735,2549,0,169,1712,178,610,72
32F3668CC4416784AB4F4C5859E34333:26847,1528,1178,1926,47012,108,580,18891,0,6564,10718,8955,110,0
33286E9D8C6B0877C248652315CBD73D:3041,5215,0,1504,6846,64,0,1985,0,0,265,0,34,0
34042C360D640BC6A90E04A4A329C906:12,12,0,24,0,0,10,0,0,0,5,0,0,0
3467AB71BEEB2BF387F90BF763CB037B:1087,7811,0,7036,9852,0,686,4236,0,0,24,0,0,0
3476B812B89A63EED415CB2E8FBFF206:1832,1263,0,1871,11387,0,128,744,0,0,0,0,0,0
348ED58577CD84437E5E77557E6EE83C:781,317,10538,11281,6914,0,0,504,0,0,0,0,0,0
34E127B2ACF56A344457E1537DCE906D:7738,0,0,7473,24296,0,0,12481,0,1659,745,0,43,120
35239B343D0EAF2E0F3816C8B058737E:407,0,0,0,0,0,0,340,0,0,0,0,0,0
354074699C225188E4A1F605F3B7F105:0,0,0,0,0,0,0,11,0,0,0,0,0,0
356B0C98FC69DE763733FAFFA2C45537:7844,2582,88,28330,386,0,0,4690005,0,156,136,78,2,0
35971DFFA74316DC61D022A317529057:1922,3463,1516,2168,8123,0,486,3982,0,0,1156,62,50,0
35E10B0ED406F7A8FEAD6011951F4342:368,0,0,545,5816,0,1622,10000000,0,632,0,663,80,0
35E9D703C2C7F29FE241E3072FAE11FB:0,9900,0,29154,402,0,0,183,0,0,44,0,0,0
36242B19CD1F4D8B81438451D56884E4:302,30,0,198,13138,0,136,2442,0,0,0,178,151,0
3670758FD9643B95B416ED1D2427F3F4:0,1142,0,2212,1608,0,1099,121,0,0,360,0,185,0
369443D906A7B48C63DD6FF1056CEDDC:0,0,0,0,0,0,0,0,0,0,0,0,0,0
36BED49F1ED8E743CC1FEAE499AF00CC:775,287,0,0,11917,0,325,2559,0,0,0,0,0,0
377EC074465A3154A264FCB7012C4199:16639,0,555,4158,88719,485,2260,11337,0,1748,176,0,0,0
383058C90D19B8A47700360EE9739457:771,1114,303,8267,2542,0,4,9825,0,0,328,0,182,0
3838334AB5B5B53D96D415CB4C1722B5:830,906,185,1402,456,0,0,0,0,0,0,0,0,0
3864D0315135317A5A7660952A07234A:842,0,514,0,97937,1111,0,116,0,0,0,0,0,84
39152763CC5616BA2D8605751EF8C61F:0,197,0,496,601,0,0,822,0,0,0,15,0,0
391DC0885960B6F3373AC26ACAAC1D34:0,153,0,0,0,0,0,0,0,0,0,0,0,0
393346C555821BF8F19BECF399C6E99C:114,93,58,0,4594,0,0,735,0,0,0,0,0,0
39BA1389E2930FF24E3101741C9009EA:68,20,0,1192,2994,0,236,398,0,0,0,0,0,98
3A094484C69535E8DB65629E9FC9EC38:0,30,0,0,8,0,0,40,0,0,0,0,0,0
3A1B41AF5FEE37C3097A22A93284B730:265,2024,0,1591,29467,0,0,910,0,0,0,0,0,0
3ACB0D3159626C636D9BC63F42276DF1:106,365,0,12,66,12,0,4,0,0,0,0,0,0
3B1D60501C4F94B110B0DC40188FCC55:6929,12890,8121,13288,5756,0,232,39839,0,0,146,0,14092,128
3B20AEE0CED958A33A9BD636EC076778:10879,529,24511,6194,5429,88,340,3524,0,19224,0,5995,0,3286
3B7ECFC29D6C4C36C907C1714074737E:2093,316,402,2577,14403,193,681,10000000,0,10919,0,0,2309,140
3C0880CD36C27DDC110181EDF51DAF68:12,805,47,0,183,0,0,0,0,0,0,0,0,0
3D71EE1871299A8E198B59202A4C968F:94,19081,0,4485,3099,0,0,254,0,0,360,0,400,0
3DA644173C314ED53BF3D35C6772578B:4803,405,1807,3762,2801,0,1710,8321,0,3696,556,0,0,0
3E1C8B0DD292F88924BC7916D09B66DE:1420,5638,316,60386,3146,0,1392,10000000,80,660,0,0,0,0
3E76E57FBBBB23DC59E6445191203A3F:1052,5208,0,898,83919,0,1962,542,0,0,368,0,0,0
3E7A45B7C0426682AC8BBAE5151E1C09:6628,0,13666,1325,677,1407,0,126,0,853,422,42,0,0
3E95F67305AFCDF89C40BE45EC3DF777:0,3929,0,0,1768,0,0,1633,0,0,0,0,56,0
3EF390588B1B7582177831F4032B7E22:5588,0,0,3824,924,332,171,905,0,551,71,0,0,0
3EF5EB5C55FF9FC25863F98E7015D0BF:152,1116,908,607,9653,0,953,338,0,0,0,0,0,0
3F13B8EC315845C81D371F41E772399C:0,0,0,0,1,0,0,0,0,0,0,0,0,0
3F14746EBCD7CB00195B533200F5A1EB:66,43,0,300,7417,0,96,286,0,0,0,0,124,0
3F321939AD237F55D6C338FCFB6F163D:6,0,0,0,0,0,0,0,0,0,0,0,0,0
3F79B58A4673E36887418C3EB701FB4C:3213,214,8924,652,11601,0,1336,6718,0,0,1916,0,142,566
3F8E09FF4901FEC0DC29C00F4E3A2866:0,0,0,0,0,0,0,0,0,0,0,0,0,0
3FB1DCF3D139B61602CD760B6AAB648B:0,2377,0,0,42,0,0,0,0,0,0,0,0,0
407C21AA10954996492E868F4D480141:828,227,3255,17082,12139,0,0,2485,0,396,0,0,1201,0
4088629DFAD1D557B5C84BD12CCDA5B2:0,45,0,0,72,0,0,64,0,0,0,0,5,0
4142EAE1B47DB13CA84E8FABE9EC7CF1:0,0,0,330,180,0,0,34,0,0,0,0,0,0
41FA125B1C758503152DC825456F9E89:513,4326,0,14617,24948,0,212,25191,0,0,0,0,1140,0
422B1ECFAB8FBD242D2F55D3D2145F17:0,0,0,0,4,0,0,2,0,0,0,0,0,0
42A5180F999CD42D7F84B9EA9A0B3D11:361,44014,0,12469,136218,4028,230,52823,0,0,62142,0,0,0
42DBDC0A5DAFB2B8A1D5BB0682A2E681:4150,6552,102,21962,17361,0,1060,23134,0,136,0,348,290,2142
4363F0B917E9B0B8A300F21EC6AA0156:1105,6316,15,11845,4269,0,950,5671,0,0,820,0,28,0
4364451E9D7B686D84260D79CA7A4F09:290,0,95,780,3306,0,1792,18895,0,0,322,6635,214,656
436852B10446D4597E17EDA9B258805C:72,0,0,0,1791,0,552,893,0,87,0,71,116,0
43F5D84E8466580F0E068997B7EDA63F:198,2569,0,9830,4563,0,244,1180,0,0,188,0,0,0
43FBA8257B08452855E06B4DCF9F8BB4:918,462,0,2843,5713,310,327,6862,0,0,1355,0,144,0
44A215D7FD65BB25A5EBE7438A4C956D:42,0,0,24,72,0,0,0,0,0,0,0,0,0
44D4EABEE779A0AE5F784EA3A4AAC563:242,11999,0,44555,15600,0,2615,3094,0,631,83,0,0,0
44E091AE785DE3C38F8045BC6793CAEC:1439,85,0,1645,3602,0,0,85,0,0,0,0,51,0
4527CB2CD0928D6BC2C5BE186D86BCBF:0,0,6040,0,3503,0,0,542,0,12348,0,0,2,0
4543B31C3757913207F9DF5E6D3C1786:572,197,0,46671,10231,1023,2222,5290,0,66,3747,85,0,0
4550FBE6028A13E578A651DAA0E8FF53:0,0,0,0,58,0,2313,103,0,0,0,0,0,0
45E34D39549E70A5B2B8767C52E7C586:0,18,0,114,0,0,0,4,0,0,0,0,0,0
45EAE41904F9DB22C071DE332FCDBCBE:0,0,0,0,1051,0,19,0,0,0,0,0,0,0
467792FF7AF12B057E9DC97202D95EF0:0,0,0,10,0,0,0,0,0,0,0,0,0,0
46D34FF188D617C1D3E6873F5D0F5FC0:507,16318,0,3155,244984,0,0,112,0,362,0,362,288,0
474DB8C9BD5216CEB8D9F514FCFA856C:0,4739,0,7328,44182,0,0,6127,0,0,1697,0,0,0
475D113482184647E836C78D59AF0718:0,739,0,1301,66,0,8,3127,0,0,0,711,0,0
47D6CB8A1ECF234B351E9B31F7D4A9ED:0,5385,0,1907,55576,0,575,7350,0,0,0,0,204,0
4825B50748254E8891F3EC0B665CE55B:148,12128,329,10606,49930,0,567,1656,0,0,1459,0,0,0
48910E381339493B130C67EB1761B24D:0,303,0,0,483,0,0,1002,0,0,0,0,0,0
48E73BBB6D66598B8057A6162699767D:0,184,0,0,130,0,149,0,0,0,8,0,0,0
4A1287951D166686D902806E55BC06A3:50,0,50,50,200,0,0,0,0,0,0,0,0,0
4A59FDAA433E6276E6434397D3F6DE16:0,0,0,0,258,0,0,402,0,0,0,0,0,0
4A940B0E4E309707E2992C6ED594DD77:0,0,0,233,569,655,0,178,0,0,0,0,0,0
4A9A37B094B67479B712CCD3AE824993:1550,8621,8086,13770,31047,0,0,3806,0,0,0,0,124,0
4AC33BB41936353C3C1FE3DB3851E8E2:1527,110,0,371,3552,0,621,5584,0,0,28,0,34,0
4AC3A0CB07EF5EE6FB8550D6F15DEF9D:762,5377,410,5413,14632,2152,318,4485,0,220,0,0,1005,0
4AEC9B9C38FE30D8411F2A18E6324C9D:0,0,0,1156,2610,0,0,140,0,0,0,0,0,0
4B7379C57371F4C6537282BF54FA7542:702,0,0,260,0,0,8,585,0,0,0,217,0,0
4C1267CBE00191EA605DDD7747C76F85:8786,4727,6243,0,2821,0,0,11121,0,0,0,0,0,0
4CBA64E825A81C8CD4F7FDD063719AA8:235,183,14558,27,36,0,520,562,0,27,0,0,0,0
4D17020912A303AA44CAAC5F38503178:156,118,0,474,4125,0,44,2790,0,0,0,0,23,0
4D184EF15FF70F47ADF62843E9A57292:370,1001,0,10743,2649,68,956,1355,0,0,188,36,0,162
4DE15C6C9B057B8451A84E2BFD7B63DF:207,9855,0,8787,598,0,235,3421,0,65,2443,0,0,196
4E3CCEAE60E9D42E778884A0C1B250F0:1576,6776,0,28813,2325,0,298,1421,0,0,0,0,0,0
4E670C448BA491995E6561BF293B95E9:158,0,0,286,672,0,0,0,0,0,0,0,0,0
4E94B4B05DAF0F144F8909B25927F6B1:164,0,0,164,4514,0,170,628,0,0,0,0,0,0
4EB19712261FFD2954BE01AFF5F09382:174,0,0,0,37361,0,0,76,0,0,0,0,0,0
4EB472999C68B446A48AF52005B18850:127,508,0,257,624,0,80,509,0,0,50,0,257,0
4EF86536163F08B8D1DBD2FC3A73A7C6:548,481,38,4937,23,0,0,0,0,0,0,0,0,0
4F566A3F2A5C7395E504CB33D7D5FB86:0,0,0,10,315,0,10,0,0,0,0,0,0,0
4F6BF20B44E5677D58FA523FC97958D2:0,28907,0,0,28907,0,0,0,0,0,0,0,0,0
4FCF6A369C59BCCCE7923D062A2CCB0B:50,0,0,518,389,0,0,9987,0,0,824,74,166,0
4FFD6130F73D7F56BBB4945039A91131:146,0,172,275,1881,0,0,0,0,0,0,0,0,0
500ED74C4CE50D7D233CCBED2058BF60:0,0,0,0,61,0,0,762,0,0,0,76,0,0
503DC8A7A7F3BADF721B46A38A06A118:824,0,0,136,54,136,0,726,0,0,0,0,0,0
50F0A48E0C1F60F822F218C3E419D1A4:4208,53846,812,52693,13297,0,5577,12745,0,1185,0,0,8316,11468
512B2EB5FE85CCC30C9B51A9AAA1AC95:4,264,0,24,74,0,0,0,0,0,0,0,0,0
513FADBD92B2C516BCE1831C8A118694:6299,3036,0,16443,18227,227,190,1301,40,0,0,102,0,0
51A3CA8793ADF5AD71BDBDC49E865ABA:1321,4036,0,13667,2811,1067,503,6164,0,348,1567,0,237,0
51D918650AAF322BD4F335045CCC104B:0,4,0,0,19,0,0,47,0,0,0,0,0,0
5235F75CEB817F4E24229AE93D4BCB6F:3307,869,0,5696,26848,60,872,10000000,0,5501,0,259,0,0
52886A1A777AA4D57E283E4257252C70:0,72,0,0,0,0,0,0,0,0,0,0,0,0
52A010213F98C7AAC7B767EF262D2BA4:0,0,187,187,10,0,13,0,0,0,0,0,0,0
52E55C6BB298C160E67A2D88E7C79092:0,2,0,312,434,0,70,2,0,0,0,0,0,0
5339BF873B8CC64CC31CC5AB2A41433C:786,6607,0,12075,13617,0,60,1572,0,64,22,4,846,0
538453835B778CCA4A3E04EF26625430:38,0,54,20,46,0,0,534,0,0,0,0,0,0
53EA191C9BA63114FB907831B4EA92A4:140,176,10,10,5111,28,90,286,0,0,306,0,0,0
5432249EF7F912A140166DD0FBAB6173:0,32,0,132,294,0,116,2985,0,0,0,492,186,0
547422FD1D8693F345EA1EB1194ED3FD:18,360,1967,17361,6846,0,0,6197,0,0,0,36,0,0
548A60A542E12AB479BE09C307013075:206,0,0,2,1670,0,700,222,0,0,0,82,0,0
54BD618B5673B6D6840ACA8263ECABC7:3012,305,96,5581,3992,0,410,17910,0,3832,0,0,0,318
54D739DC4B5A1F2B2EE2534663248F3E:23403,10541,1910,4599,28671,1292,276,560,0,501,92,496,356,0
55024DA0830610FB12B8F4B13975C383:11,892,0,124,0,0,0,290,0,0,0,0,0,0
5541A8EEBC13210552E00A14E9715CFC:198,3779,9564,25800,5503,14808,4269,23958,7926,0,52,0,0,0
5549296C427E5A20287146640A310613:0,0,0,0,0,0,6,0,0,0,0,0,0,0
557C8192DC08B09BA0FDE79BF5F4604C:5846,784,116,19541,30722,0,2403,8955,0,460,4449,0,5999,331
558ADE3A9B173B4C3EAF7CAEC3C66381:982,1064,0,0,6040,0,5839,254,0,0,0,0,46,0
563D0605A25C4DFE14A6F4721B56389B:374,15699,0,41296,2136,202,0,6308,0,0,0,0,0,0
56F72EAC201AD7C7DFB095F6B7A79957:0,2389,572,2862,5961,0,0,1337,0,0,0,0,86,0
57354BC70C1049067F43BF06DBF59ED3:216,0,150,258,2705,0,1378,12525,0,0,245,6104,0,0
57FE01496B90363BE2AD75FB920B7294:4503,1848,0,478,21515,0,1171,6973,0,0,306,0,0,0
58398A58FE17268650C00E566CA864E4:4925,49778,203,2390,1519,0,0,193,0,267,150,393,308,0
5859426ED1A0862FAD780BEA63537AB9:60,16,0,20,567,0,158,1221,0,0,0,0,382,0
58B8643EBED29BF12FBA5B6FCEB55AC9:24,38,0,2365,394,0,0,571,38,0,0,0,0,0
5929B09FF0E1466B877EF60483627055:16,118,23,64,115,0,1013,6,0,0,0,51,0,0
5951DAAEB462B67C3B95388B742DD719:10473,567,325,31236,320,113,0,18978,0,0,47,0,0,1124
59A269727A37DCE8FE1401B4BEBE2B8B:23,20,0,0,2,0,0,0,0,0,0,14,0,18
59B4E6D455CADCAA6D0BCBB9655CDC37:2949,0,0,355,11355,2050,1186,5287,0,867,185,8342,145,0
59BB256C9FB9D839F5DC8BC0791D3124:0,0,0,3,20,0,808,0,0,0,0,0,0,0
5AA332169EE4939CED73F452CF29C659:0,35,0,0,79,0,0,247,0,0,0,10,122,0
5B0B28B7DAC01EEB75E3DA80129A6CC2:572,16,16,0,4,0,0,29,0,0,0,0,0,0
5B5BF175EB1D47851970F1144013BFEB:1289,139,88,2018,3666,0,606,4226,0,1436,0,0,169,0
5B5D56C09FDCD31718C2FF5B053CEB90:0,0,0,63,381,0,156,0,0,0,0,0,0,0
5B6C0F1D24D8AA923D611852B8B1C9F8:372,2630,0,7343,4265,74,0,1261,0,0,871,780,0,0
5BCD64BE156DE0EAD98F17C3E8738885:0,6263,0,3929,0,0,133,247,0,0,0,0,0,0
5BD5D5A91B78EBC4CAE91D51C896E66C:17993,2261,736,36079,5084,1044,0,3764,0,122,0,0,7874,0
5C1C141DA3EECC3E5B9F368D77EAACD1:9294,4913,1970,12866,18046,0,687,51695,0,0,0,155,0,0
5C75E82B1FEDD943C1EBBA8880EF6EEA:0,290,0,196,1625,0,0,902,0,0,18,0,0,0
5C7E1757EDD5FE27E483736793D57281:221,4501,196,2063,11332,0,684,10940,0,0,0,0,0,0
5CA4C0B3CB46E529003490A1C796BE50:0,0,0,32,504,0,0,0,0,0,0,0,0,0
5CC7EE23A63066CF0CEAB4713B39D9BF:147,147,0,0,0,0,194,75,0,0,0,0,0,0
5CE87BBE5F6681EE22F246BBDBBBA94B:0,1438,0,15,0,0,0,42881,0,0,0,0,0,0
5D5CF0D006578902A0D50FF33ABC2D6F:579,268,0,16454,45125,0,20548,19384,0,841,360,134,188,100
5D9C1505039E949CEE6F2FDF85A33A3D:774,226,52,200,4849,0,197,1925,0,0,345,0,0,0
5E28C76067C92F70D80FA1F8D25EE76E:0,0,0,4366,71027,0,617,13140,0,0,0,0,0,0
5E5D04E81D9394F5B446F4A80782B77F:0,0,0,0,0,0,0,0,0,0,0,0,0,0
5ECDFE9829AEA1436AC976F017F25263:489,7218,0,3200,1722,54,0,2198,0,180,63,86,191,0
5F122B70B3090CE3BF66A04B3DE98DA0:374,107,0,10938,21200,0,2084,3996,0,521,45,0,114,0
5F1A8A8FDDBC8A5FF4BF0F111DC69FF4:1124,0,322,4620,16175,122,758,10000000,70,0,334,0,0,38
5F2DAE5983C137F9E1FDA37EBBB823E5:59,0,0,0,0,0,15,0,0,0,0,0,0,0
5F33BCD8A33B07C648317509855D193C:0,55472,0,6246,16815,0,0,170,0,0,0,0,260,0
5F369C181BD7692EA6422C1DA1C61FBE:0,4,0,0,0,0,0,1212,0,0,0,0,232,0
5F454B36EAE7AB91B5898F97C8F2B2EE:0,0,0,275,562,0,148,148,0,275,0,0,0,0
5F8781542896CBE7CAA40033EF408927:0,0,0,176,5232,0,0,1213,0,0,0,0,152,0
5F94D24F06287DEECCBCA9CB6D1B4416:0,0,0,0,0,0,0,0,0,0,0,0,0,0
5FA702CBD9C8F726D0C88B859FE735EA:332,138,0,601,0,0,0,400,0,0,0,0,0,0
6004B25B2674D3A51D3268E20D282A49:4289,1122,3300,2959,2855,0,0,21471,0,0,40,0,0,0
603713114D73CC898675BD5468F25F65:799,405,0,2323,15392,0,0,354,0,0,0,0,160,0
605C241E92A99309A39988316D4A8D7F:1282,25218,144,18027,7734,0,0,9463,0,0,0,357,156,0
60E5BB75E3222CFF8C7AAC099E47FEC0:0,252,2534,9804,19074,0,7281,8172,0,0,0,0,0,0
620041E18FD16B50803197EBA4CAB8FE:0,1522,22,630,1772,0,719,900,0,0,0,0,0,0
6201C922E8D555B6DF2F304A93A1903B:0,0,0,0,7,0,0,0,0,0,0,0,0,0
62489CC9CF4FFFFB914A341FBB1461A3:252,0,1942,366,272,0,0,25,0,0,0,0,0,0
6264E55046C16D88169A78FB4D5CE782:546,998,0,9464,8026,0,38,4593,0,0,4749,0,0,282
62695ABAC0643497FDFFCAD9C9AEE1EF:0,0,0,0,0,0,0,91,0,0,0,0,0,0
626FD5AB9FF4B8FE8DB20EF5C9FD2C11:0,932,0,0,1018,0,0,1394,0,0,0,0,0,0
62C949565BA8F06653D32CECF71FB8A0:0,0,0,0,0,0,0,0,0,0,0,0,0,0
62D3FBCAAF4DA408C62F7F4791795E8B:0,0,0,0,0,0,4,0,0,0,0,0,0,0
639904F3E4E3027D2456247B1E9114A4:104,104,0,152,36,0,0,76,0,0,0,0,0,0
63DA3A573DF6913AC75FCC69189CE618:47,57,0,0,25,0,10,3,0,0,0,0,0,0
64BAC3EF8A6E27B02DC9D6D972B03795:4221,5628,2522,1946,108651,759,175,480,1314,2915,0,0,147,0
65655365A29472FC5A64E6967F2A7B59:5686,0,10216,4728,11875,350,36,895,0,558,0,568,0,0
65AD16CFC9E475ACD768E06B3633FC9F:0,0,0,0,0,0,0,0,0,0,0,0,0,0
6606F06CD0104B43499B581F5C727172:2701,3426,0,7455,6827,0,428,1150,0,0,0,202,242,0
6646756EB289D45A971E0DE3C45F7AA5:0,0,0,0,0,0,0,30,0,0,0,0,283,0
67A7D76991503F1668B8541A532EB5A6:391,3667,88,1849,6851,0,1269,188,2722,0,298,0,171,0
67D0815C6B783EAF0F68D6C8FB458BAB:6556,0,118,384,7771,0,82,26761,0,0,0,0,415,0
680EACFBD1472763963413F114021F15:0,926,0,670,4806,0,4099,3811,0,0,0,0,2172,72
683E710D728E8F74BBAF724B6084D7B6:926,18929,0,67190,19767,0,238,5188,0,0,46,1000,7631,0
6879753E581A2330E1F07F56BBDD446D:0,0,0,0,0,0,0,0,0,0,0,0,0,0
68C17DD7D8360FC076EDA45B511CC869:63,141,0,65,143,0,20,528,0,0,0,0,0,0
694AD858F2D67C23895382680095AB91:137,0,0,5229,335,0,0,3,0,0,0,0,0,0
695BFC67A2C45DAA70B5387103521A9E:0,14,0,0,6,48,0,0,0,0,0,0,0,0
697C22E48E9CB0207D3E5D7560C971F6:0,0,0,0,28,0,0,0,0,0,0,0,0,0
6984620E659B9FBCAD4C9BC1B7D85183:162,0,0,82,308,0,0,607,0,0,14,0,0,0
69A3A347F69E18D1C68B944EAD659909:0,19,0,136,0,0,0,0,0,0,3,0,0,0
6ACB793070181D8C935F22D53F4966C1:3686,263,0,3560,15022,42,0,963,0,0,422,0,534,0
6BA997C3A63786ABA415177A743A5E55:5142,493,4283,11688,5588,248,170,963,0,0,75,175,0,0
6C0924840F28F96026147E2CDE8420AF:5848,377,0,2026,22526,0,1272,10000000,0,0,0,25300,0,0
6C13BEAE37B6B0986A9C7DF367B42943:2963,8567,0,41821,9794,1859,162,8971,0,0,75,0,362,0
6C1D69DD61B4192C8EF551E5A5D6A873:12,301,0,247,248,0,0,126,0,0,0,0,0,0
6C316D02D13C736DE2E0CEE67A3BD350:0,3611,0,3611,58997,0,0,1554,0,0,1360,0,0,0
6C401AA1FFA5C0F4C6BF4766DDB8F3EC:0,0,0,0,18,0,0,0,0,0,0,0,0,0
6C5EB9A660D5B3AE277726C6EC098192:4892,127596,0,0,777,0,1887,94289,0,0,118,0,0,0
6CE750D86E08344760CCC16B9DA245D1:0,0,0,0,0,0,0,0,0,0,0,0,0,0
6DBAAC10001E76022728ACEEFE713324:124,40,0,363,869,0,210,407,0,0,0,0,222,0
6DCA3AC433C86AF9833517FFDCEFF306:0,0,0,0,475,0,2,184,0,262,0,0,0,0
6DD03DBED0971C0708B3060467F8E857:768,18337,0,1386,10335,0,10520,39771,0,0,0,0,0,238
6DDB3095176D0EBB8D4F0688C33CE5AB:0,0,0,18,0,0,15,0,0,0,0,0,0,0
6DDEB7D92E7C776780FD6D27C692B31D:9608,0,194,148,3890,0,134,8912,0,0,0,254,852,0
6E1F12483510CC4A2D4CAA503893F532:284,2352,29,4984,1166,0,0,5821,0,0,190,0,0,0
6E70075B5A274190C68C9C1A11DE6A28:141,1180,0,11980,0,0,106,1163,0,0,128,0,0,0
6E994AA847EB4B226AB9A91E0EAC97C7:0,27901,0,82890,12986,0,0,302,0,0,0,0,0,0
6F53F060CC93BCD94F630C126DDD45CE:4021,13843,0,43905,913,0,39,5059,0,110,0,597,0,0
6F952FA115F46427B6DFEE95E9E68D5B:460,2398,0,8638,5436,0,1693,1652,0,2721,4,2,0,0
6FF5272E35CF319B8165D0A01237EF4A:0,8459,1321,16083,12601,0,172,2775,0,0,0,0,0,0
70424C07270DDAA3F2BE623ABCA534BC:0,0,0,0,110,0,0,20,0,0,0,0,0,0
70CB7C68059A26C1778011A8F2D24EF0:83,11,0,0,17,0,0,220,0,0,0,0,0,0
70DFAB4E279CB7E0A9A5A08DBA2FF58A:0,98056,0,3515,203599,0,0,93410,0,0,0,0,0,0
70EE1820BEB4925C0FBAE830DE110803:2115,1863,1111,11881,7301,0,3171,3857,0,0,2423,94,0,0
7114D8EC917EECE556439706E4DA93E9:0,0,0,0,115,0,12,0,0,0,0,0,0,0
71462521C1207A4ADC81B72DA3776251:78,84,307,2049,711,0,0,11,0,0,0,0,552,0
7161BDAAD558445BD7BBE2B4E3B901F4:0,0,0,0,0,0,40,2,0,0,0,0,0,0
71B529C2234AC229A8545E359B9D43BB:0,0,0,0,0,0,0,0,0,0,0,0,0,0
71C9D8385C415F2DE054CB9282D24E5A:0,0,0,5,0,0,0,0,0,0,0,0,0,0
7260F60C6B184337F1E945B866041D9D:0,9689,0,1544,472,210,0,8387,0,0,0,0,0,0
727023C75383A285973F070B314E4BE0:388,21176,1744,8338,6447,0,396,4577,0,585,134,0,0,0
72BC02DA649D2129B382A7C88D274DE4:1085,3209,108,22716,12612,0,389,524,0,0,195,0,5320,0
72C459B213CC4AB1DBDDE8464C4ACA2D:1870,75754,0,89274,1098,0,0,127401,0,3055,0,0,0,0
732F538D81D978111CD2A1DA53E22132:1220,10155,0,425,266,60,0,3642,322,0,0,0,0,0
73D360A4E21B12D4E34C4EB95278A8FF:0,0,0,6,0,0,0,0,0,0,0,0,0,0
7412EEDB7DF7FC7A1EDE6A8D3A5974F2:525,614,0,977,8950,0,378,2291,0,0,139,0,154,0
74393C9C321D6DBC504A2D12530BBBB9:44,44,121,10,1138,0,0,83,0,0,0,0,0,0
74543B9824E4191F1CE752A99E97DE66:80,80,0,1201,10643,0,0,12020,0,0,0,0,0,0
7488418293E889CAA30057141E8549F5:0,0,0,0,0,0,0,0,0,0,0,0,0,0
749A431EA80D19B4F7FE3566CE1A0981:818,72,62,158,22897,0,0,4369,0,152,0,0,0,0
74CC4B0C94B2B9199CB61BA8ACEA700F:9,0,32,0,257,0,72,9,0,0,3,0,0,0
74D7BEC525697AD2E0F2D181A4D000FE:0,43284,752,37785,25627,3925,0,12088,0,0,0,0,1992,0
74DD37C7CA0CECCA5C9B0DDE783B2956:16610,0,0,810,78864,7151,0,0,0,0,0,0,0,405
757334847F188C6304B84EC6B018A965:0,0,0,0,22,0,0,0,0,0,0,0,0,0
7707E3BF977064CCE661497B3FAE2A27:0,0,4,0,0,0,0,0,0,0,0,0,0,0
772E059A1285D596D4B2687B98FB912B:0,0,0,0,0,0,0,0,0,0,0,0,0,0
7779E25F02E6BD190F6E16218333A600:11956,348,0,5650,1356,2100,0,1501,0,1778,0,217,0,0
77A606F0BBCB268BBEF486B900D5F55B:28,0,0,0,1719,0,45,223,0,56,360,0,0,0
77AE84AA1F684C0F17831D72C92E502B:0,0,0,0,0,0,0,2,0,0,0,0,0,0
77B96EE56826327DE73DDC754305AEF1:6,762,0,5068,467,0,1360,13,0,0,0,0,0,0
77E10F3F0E12D0B407B94B8887967AC2:7,22,0,22,527,0,0,11,0,0,0,0,0,0
7807CB1E91AE2F97F1346FD6E95FDB4C:2,0,0,0,7,0,0,0,0,0,0,0,0,0
783FF231074C0D519555780DDC1168B6:0,330,0,0,21,0,0,12,0,0,0,0,0,0
791BC795AB6A1421D6CBE7CEE9028933:8337,19232,0,7581,4292,0,1163,897,0,228,270,0,0,0
7945F532EF2243EEC65F785073464C72:0,4,0,0,0,0,11,0,0,0,0,0,0,0
79B4199EC62D828C3B19A3572E7ADF32:0,669,0,301,384,0,0,0,0,0,0,0,81,0
7A499C8BC6D5B013F80FB82D61BFCF5F:0,39,0,0,593,0,1335,0,0,0,0,0,0,0
7A58DC00E91D747C54A85B53F08D0C72:27620,0,3494,4740,4539,0,4735,9346,0,1390,0,352,262,0
7A93F62A4F18F7D9EC126899F4EE79A8:0,204,0,0,0,0,0,16,0,0,0,0,0,0
7ADAF6A3896C506476A17342EB67AE76:16949,64,0,380,68491,0,0,1768,0,0,0,538,29,0
7B60A7D6049B5F54006F8D4B8BF81608:328,1252,1186,13654,64170,0,505,8152,0,0,317,0,0,0
7B66DB56F9B88B1EC657D4914077308A:0,44824,0,1946,2379,0,133,39350,0,0,146,0,0,0
7B9AF7D996E926336797C30FB9ABD9BE:0,0,0,0,0,0,0,0,0,0,0,0,0,0
7BE58ADAB9B986A999B7791AE0B0E668:611,3297,72,3180,4492,247,48,2973,0,0,116,181,14,0
7BF22DE5999473BBEAC941E9CC7395AB:205,292,28,42,4018,0,715,1175,0,0,0,0,0,0
7CE2492D1BD24D01995A9FAC692D588D:0,9223,17581,846,1426,0,0,2478,0,0,0,0,447,0
7D1A981F00B5C328A891D4C6D44B65FC:102,945,0,56,1802,0,0,166,0,0,41,0,0,0
7D1CBC0CB9BC3FA1EE6FA52D5E21808C:9,0,0,0,4,0,0,20,0,0,0,0,0,0
7D3223A8A16560F8666B7469D38E54BD:0,0,0,0,0,0,0,0,0,0,0,0,0,0
7D70FF7411131E14A84B95FAE24996BD:255,1310755,0,178,10984,0,0,0,0,272,0,0,0,0
7DA58332A407CF34D87EA109FDFBA52F:622,0,29,153,1139,124,0,224,0,0,61,0,110,0
7DE6C18D0D9B3E570FDCA7A6E36AEE70:852,0,0,204,0,0,0,997,0,758,0,0,0,0
7E4D4BB19653CA5189EF8E8F0330A829:3179,15981,206,2921,6930,1287,745,14763,0,1863,288,0,3070,0
7E7D60D68EBDF657C67FCE318DDA83D5:1420,311,4523,2006,37719,346,1456,13038,0,356,185,6939,286,0
7E884481E3FF17549B139FC125E03BF4:428,0,0,220,1887,0,1895,1300,0,3879,70,0,0,0
7EF1102132EB53CF2C60A5F2F58A7065:168,151,0,424,3042,0,539,1822,0,0,115,0,225,183
7F43DABBD5526A44DD31130911A57322:3173,2838,120,7222,16743,0,416,13781,0,0,20,0,0,0
7F64F0CAB28DDE6781F430FCCF09F3D2:740,60,0,2085,20400,0,7282,3215,0,0,0,415,0,0
7F6A83230DF9692AD17D268C9A7E0909:847,390,0,0,1723,0,997,2041,0,0,390,1580,96,0
7F90BB972E908605F2BF3A74FAEBC1E1:3809,2750,0,273,8667,0,0,3377,0,0,0,29,0,0
80076A990B1B4667C5DDABCDF60A143F:104,357,675,1629,6257,0,342,13705,0,0,205,138,0,0
801A0A6C34E6CED8B4F4DCBCAC539235:0,1392,0,33194,26715,2331,391,25903,0,0,0,0,178,0
803056FD76BF33432D63755B47788A94:2673,1284,391,6104,10887,0,3097,2233,0,103,0,267,84,0
803523D233C42A1FC11CC41033A7B76F:0,196,0,2,22,0,0,768,0,0,0,0,56,0
80D875FBFFA3CC1AAFF1B353F685B1B4:0,0,0,0,152,0,0,0,0,0,0,0,0,0
81B54C82962EC11E2A7A4914479FFFA8:0,28,0,0,2682,0,36,0,0,0,0,0,0,0
81E8409CFAF46BA2EAC741EC01F9864C:1728,47553,0,66674,8038,117,4938,24345,0,1854,468,71,1005,0
81E98219F751B64B9E7EC0E4E5C6D0E4:2586,52,2383,2108,5880,108,1041,1754,788,0,99,171,0,0
82439352DC33FE021C33865CEDC4D0BC:2505,23577,0,25892,68810,0,783,16734,0,0,181,0,1556,1276
82A0F500444CD7CB6FA51474316B0008:933,12195,0,74,4973,0,862,2682,0,0,0,0,0,323
82AC378D6F7BB83500EE05883B45036C:3579,166,985,1047,3328,923,1534,3053,0,11572,265,83,237,0
82E642661EA529946A89D7B671CD0A39:97,32,0,9,3783,0,25761,349,0,0,0,0,0,0
830709D3A9ABCAABB2B5EA80D011EBCD:63361,4555,0,71020,24094,194,61375,4857,0,4945,1153,13875,0,0
836D811E04458D016BD38F71A928B584:0,4,0,0,0,0,0,0,0,0,0,0,0,0
839E73B5BDB55FDA42D7A5B9707763D7:133,0,0,0,1167,0,0,13,0,0,0,0,0,0
83DBF614038B3B96CFC9E92869C0831F:35,35,0,9,154,0,17,63,0,0,0,0,0,0
83DD06381BA6A2C4B19BA46929D7E62B:83,169,0,37,156,0,0,78,0,0,0,0,155,0
84501EB49E921FEDD164D5F7BFDA767C:390,12882,0,25691,15836,0,1033,4486,0,0,0,0,311,0
8494B4297C945BA93E1F30C0F00772FA:77,0,0,0,0,0,0,0,0,0,0,0,0,0
84AB3DEF8BD4E3FCF453DD596C584A5A:0,0,0,0,266,0,0,0,0,0,0,52,0,0
850FD45AAA8C1896B2E716B076A89407:98,1323,58,3141,503,0,287,3137,0,0,0,82,0,666
851EED6EF687824406F8F056CA3545B3:0,0,0,0,2519,0,0,1201,0,0,2235,0,0,0
856573DD843A6AF9EBA64EBB7F43CE0C:35,1548,216,0,162,0,0,62,0,0,0,0,0,0
857BDF528D4AD868C1D1801A6DA01660:0,0,222,20610,45126,1239,84,1032,0,0,3072,1222,0,0
85BE028C072B9C9FC013064A1319D3E1:509,0,0,89,413,0,147,352,0,186,0,71,0,0
85EA282C45A69B03B4C8A63FB0BB5259:14,0,0,0,16,0,12,2590,0,0,0,0,0,0
8606E8731F80DEF6CB5C02531DA42F26:0,106,174,188,3028,0,1091,690,0,0,0,0,0,0
86410931DB64459ED657A8A2E68298ED:9,10,0,52,431,0,0,0,0,0,30,0,0,0
871F4205ACDE615D2682068802CEE610:0,0,256,14,145,0,0,0,0,0,0,0,16,16
8720A8D157FA74E2F1D9EC27721C8673:172,19647,0,24222,0,1227,184,2943,0,0,0,0,0,0
879051D59E50D70DF95E88BBDEE9F187:409,1213,123,1769,3816,0,319,1796,0,0,135,0,259,0
87B8C3DDE09969E4727835CB06661D1D:0,48,0,227,2159,0,3516,208,0,0,0,0,0,0
8831080C91DD4AAC058DBC02296BC42E:0,244,219,22540,6610,0,0,498,0,0,0,0,0,0
884DAE77A6EB9EA7B22962B8567BDF98:33,0,68,2382,468,0,732,962,0,0,0,0,0,0
887F5899608B3B21D73903F80EF1C7A7:150,6,0,0,203,0,77,158,0,0,0,0,0,0
8977943E48CBFE8A822B9A7D50A62AF4:1540,6,141,902,626,0,0,2665,0,0,0,580,0,0
8980B34CDC98BB82B01E8B97E2977C18:8,0,0,28,54,0,364,2,0,0,0,0,0,0
89DE1376B761662A6CE42A696D9BD501:0,0,0,0,374,0,38,0,0,0,0,0,0,0
8A7464B0BDCAFE1486F439160B554E51:3382,37530,0,15549,4003,3779,895,14448,0,0,123,0,0,167
8AD06C1237D7AC29AF2BC0071D55F80D:0,4,0,8437,3502,0,185,14,0,0,0,0,0,0
8B04F4D3F6827189D647EB5DB3CDE485:0,0,0,0,0,0,0,0,0,0,0,0,0,0
8B5D05453B8724CD3910471B7CAA3965:0,2,0,2,2,0,0,4,0,0,0,0,0,0
8BCC477DC1EC876F90FE4B29506098F6:4,0,0,0,132,0,55,225,0,0,90,0,0,0
8BF222B92447AA41ED4FFDF8E4F60C75:24504,5990,293,24822,2562,2308,264,2948,0,200,0,0,0,0
8C048326E93A94589190693897CE3456:0,0,0,0,0,0,956,39,0,0,42,0,0,0
8C4551619D8943467291689CE5DECAF1:457,20,0,205,3947,60,879,5991741,0,0,113,0,176,0
8CECBA28FE95D9B0C19EF98AA5AAE5CB:126,30,0,0,0,0,22,7914,0,0,0,0,0,0
8D43E0B2060656BE1338D526BDD33A23:33,294,0,76,87,0,0,49,0,0,0,0,0,0
8E70E3D226CD3FD3D7B21D1D70C23ABB:0,0,0,198,110,0,0,1967,0,0,0,164,0,0
8EBCECC0E94ACC025C7841B52F3C971E:0,0,0,0,0,0,0,0,0,0,0,0,0,0
8ED0AE107CCFD4853411798514802685:270,1874,2376,2283,823,0,857,1237,122,0,22,0,0,0
8F39447C795CF2F4A47940D01B839252:1855,25248,315,54462,15222,0,1062,10000000,0,0,0,2486,5165,0
8F530EAFD1EB5B85AAC80D59B35FF549:10898,3232,1194,120,4439,0,0,930,0,485,562,2841,308,0
8FB7DD868E8B92703EB3F3C2C5FEF0A1:0,0,0,0,0,0,0,63,0,0,0,0,0,0
8FC55A6220F8D6367622951A7020BAEC:21,0,0,14,25,0,0,0,0,0,0,0,241,0
9079340A84B67675FEBA7313CDDE67FD:1071,149,0,1111,1310,0,845,4910,0,1390,111,217,4169,0
90A1931A027E439B02F000A5131C8B1E:0,0,0,12,0,0,0,106,0,0,0,82,0,0
90B04E7A01C4EB16FF1687045FF2FF9E:88,491,52,139,26,0,3,0,0,0,0,0,0,0
90BB9087D207DD0DAA6139DE353C3ADC:998,0,0,0,31119,441,5207,1119,0,0,775,1486,0,0
90DC0D11F3249636F77D78663E1CF6EB:2877,5684,0,548,15099,0,136,4741,0,3019,0,0,584,0
91183F95EA486B8B443733B0AA69F960:0,39995,0,1366,368,0,157,22734,0,77,1334,0,0,0
916D8E24042864514060621307550B1C:1712,2105,0,2418,2407,428,106,4169,0,0,1138,0,164,192
9194D7F7F476CA49BF8C0509342F69B4:181,15,0,175,629,9,19,0,0,14,56,0,0,0
922C880F024161B6DF70AA90C1E14DEA:27799,138,3793,5726,5777,673,736,10000000,180,13310,2552,2253,884,410
9297C1CF019967DFEC7A248D00A35466:0,0,0,71,0,0,0,71,0,0,0,0,0,0
94302FBE2968597131A0AE606DF3F5E4:231,34,821,30,15483,0,0,30,7016,0,0,0,175,0
94575EAFE1C8F8261FAE4DCC05C1BA2B:21,0,0,0,59,0,221,625,0,0,0,0,112,0
956ECB5CDF6639ADC0EC70DF115219C7:178,585,0,0,84,0,0,30,0,0,0,0,0,0
9599BDAB29C403B39CF3DF8634B11B63:888,0,66,1338,2370,33,213,236,0,1032,339,95,0,0
95DE64BF5247E483C3BFF7B88E0AE061:846,0,0,4060,19025,0,3317,4754,0,0,0,0,324,0
95EA0C78243E59317250D88262C7C0B8:19056,6466,531,24698,4274,0,1062,59815,0,1573,473,0,232,0
960993A18772A1C83D4C9F0BED7A462D:1395,101,0,0,220,0,0,21,0,0,0,0,0,0
96F3051F1231FE7B517F2E2B98F41BCE:1824,1445,5147,23272,8145,1525,98,12752,0,131,0,0,225,0
973DB892FD9A87EBD7C18A7EB5DCD4DB:0,4,0,8,12,0,0,0,0,0,0,0,0,0
9781227C7790C264BC59F0361C472A3D:3390,5344,0,6276,4100,0,1244,2383,0,0,0,439,0,0
9831F3005CFA1FDDBEE359E55BB179CE:0,0,0,0,0,0,0,0,0,0,0,0,0,0
98D44A333982399A504E42F72B606011:117,547,0,202,0,0,8,6,0,0,0,0,0,0
98FEA99AAFDEAF301E69D074E0B9775C:5392,0,102,0,838,0,254,104,0,0,200,0,0,462
994252186323CEE9C2A1F1B607EC4A91:316,1852,264,3060,266,0,119,661,0,0,0,0,0,0
996189720997C81919C0A7C7D49F8159:88,0,168,1573,3118,0,696,1963,0,0,0,0,181,0
99711C50A948AFDF213FB4DA45F68CE2:0,0,0,5602,16032,0,0,0,0,35296,240,0,0,0
9990EF573A759FA23F1AE2B3227A6C00:0,0,0,0,0,0,0,0,0,0,0,0,0,0
99A9DD385595AEDA836A0198C5F4A359:0,5991,70,477,7611,0,62,2532,0,4626,0,474,0,1167
99BFDBE657AC81470256210593973290:0,2187,0,0,266,0,691,65,0,0,0,0,0,0
9A090CC9A08EA4D2AAC833E4A776D831:3059,1700,394,5786,16345,830,1238,2397,0,0,266,0,0,0
9A19A3A0DC2DF32FBB0AB8AC51A34E6A:0,3,2,28,237,0,0,398,0,0,0,0,0,0
9A451D5DA4A1E6F25A5074CA0C451979:14566,891,826,66824,8009,6494,0,18514,0,13970,0,303,499,0
9A7BB47E1D948B0B750EFDC92D528A4C:242,1206,224,3788,33677,0,0,9935,0,832,0,20024,28818,0
9AC9B89A90A6F3072B25E9C01F7EB7E6:4108,0,77,11241,2494,713,202,13954,0,0,0,2926,193,0
9BBE8338E3FE55E1D23C5FD8CBD27023:0,0,0,0,0,0,0,0,0,0,0,52,0,0
9BE55529A4EEF90CD11AB0E6C8F971C3:2764,25835,189411,55784,2645,0,0,397,12393,0,0,196,520,0
9C4EE3FA6E2E0986ADFDC7FE17F1BFAF:3310,0,198,23253,1650,2328,974,2577,0,0,0,274,248,1487
9D450E0529CA7328D07679163206F732:237,2111,1395,2868,16954,0,266,3789,852,0,428,0,0,0
9D542C5B73C95E7ED646FA1CEC404BE1:404,4113,118,7184,1608,0,171,10000000,0,0,0,0,10,0
9D59E1F5A23016609720E31CC0F3F54D:644,0,351,62,490,0,291,969,1300,614,0,0,0,0
9DA7359AA3B545B1E5BB8F1B33F12DC6:38,0,490,3970,130,0,0,5916,0,0,0,0,0,0
9F25F2DA72AFA0E47645549FCF0CDF0C:1679,0,0,0,1152,62,0,10671,0,0,0,0,0,0
A004DC426C3C6F97259D7B2F10DF424C:0,0,0,0,2432,0,0,0,0,0,0,0,0,0
A049F1350E0DA58F268D984600BC6356:394,14,0,869,776,869,106,98,0,0,0,0,0,0
A054EF59F502A7FC072A1A8B88192445:9822,0,18,94,35,0,0,0,0,6,0,9702,0,0
A06BF37E3772FBF4CFAAE671FBE0F40D:125,0,0,0,387,0,0,445,0,0,0,0,0,68
A088FE0ABCBC66811B1FE7B995ED0712:201,0,0,0,652,0,2563,1463,0,0,0,0,0,0
A08D6CA2E1E86E0928C67992E10FAB6A:44,6,4,0,58,0,0,0,0,0,0,0,0,0
A09163B9185953C6B7656E62BB2EF98B:1112,20,0,426,458,62,28,941,0,0,0,0,123,0
A118243C7945400CAA4B90D3B35CB0FB:0,35,0,0,1,0,12,2,0,0,0,0,0,0
A129CA409D33553E32E487816789FF85:557,7127,0,0,243,0,6,3437,0,0,0,0,44,0
A16E19EBA6D939FB985BA89CB89CADB7:2274,11793,2152,0,34810,0,0,0,2559,0,0,0,0,0
A19719F343B5E746D2B73DF845926B9A:0,0,0,5,0,0,0,0,0,0,0,0,0,0
A199983740547350EECE67FBBC785798:758,0,0,7666,2667,0,92,7506,0,0,0,0,0,0
A1A13F67AA0ECF1712647D82771004F0:245,1354,94,946,25503,0,11391,4215,0,999,0,0,0,0
A20EFC58005D515EE23DBA16B2F1E3FA:0,0,0,0,0,0,2,0,0,0,0,0,0,0
A264646D60CA80DCAEB979CEA9E6C57B:88,0,0,0,32,190,0,0,0,0,0,0,0,0
A2ADE5F95F7505FFF7EA4AFC834AA9D1:552,3235,0,17974,362,0,0,11259,0,0,0,0,0,0
A2FBCCA3F9DBF3312E99152C71703E30:76,9263,0,12022,10334,0,569,18952,0,0,1070,0,144,0
A337B296C212C2DE74EC77F0F1534924:2289,360,0,4218,32556,0,892,9629,0,0,360,0,0,0
A341B7D697612FF49D127011BF284B04:98,3466,150,258,3829,90,0,10000000,0,0,622,362,78,0
A3B49B631FC49F1D192313ADBCD24559:110,19,0,0,0,0,0,0,0,0,0,0,0,0
A408452C17971A82DCF8ACBE747A5832:0,0,0,0,0,0,0,0,0,0,0,0,0,0
A4357EAA3BB0D015DD0CFFB7C7BEF02E:12,3827,0,15313,1484,0,0,791,0,0,160,23,0,0
A4855F75AC5D61AC03D0F9FB79E4FF87:4,0,120,0,2,0,0,149,0,0,0,0,0,0
A4B71475FEAADCC4CDB1EBB87EB2899C:0,0,0,23,135,0,0,0,0,0,0,0,0,0
A4D0BABDC82A261929B23A00BCDD2017:0,96,18,504,62,0,24,54,0,0,0,0,0,0
A4E1587CBFB3A1199EEDBA886AA1A1DD:472,32919,0,0,2993,0,497,924,0,0,0,0,150,0
A557B94600800AB14144442984F14A6C:0,0,0,0,4821,0,0,0,0,0,0,0,0,0
A618591AE244B00ECA184F8A7D146972:122,122,0,0,4,0,119,23,0,0,0,0,0,0
A61D40E38BE9CDAAB30540161AD549C7:979,3229,70,719,2711,86,0,1036,200,0,622,142,95,0
A64AD6458992A8B02703A5D11C76C339:0,0,0,0,0,0,0,0,0,0,0,0,0,0
A660D4563B8F62DD5282319CC643D950:1563,122493,0,7745,17787,1448,20404,11623,0,0,218,1407,34,0
A6B6024012B71C04A1602D16A4F087F9:96,0,0,72,0,0,0,772,0,0,0,0,0,0
A6C27D96D40D291B4A7BC3797CDF5253:8116,2133,336,3042,9428,174,335,22143,0,395,998,67,59,114
A6E2A3C39A4029E77D2CBAB488B8AA16:1175,2593,908,3468,2424,757,470,1325,0,319,587,0,0,0
A76B0DF319524F90A3E677A58D109EE5:8049,9938,0,3661,1094,2273,252,446,0,0,0,70,0,88
A8088CB8A6E1122679942B591AA156DE:0,0,0,680,0,0,0,218,0,0,0,0,0,0
A809AEDEC0625CF63861593F844E3F49:0,0,0,0,0,0,0,0,0,0,0,0,0,0
A86124730D38F7AC529494944F299F90:675,627,0,1095,50978,0,564,104,0,0,360,298,0,0
A86C89F9A5C7C0970092D9179FADDC5F:0,70,0,17708,2,0,0,60,0,0,0,0,0,0
A8917156E5A0A661F75073CDE7036817:348,11098,0,9467,3175,0,0,2768,0,0,0,0,0,0
A894880DC0896ED5C8040D1957C067BD:0,22,0,10,0,0,22,4,0,0,0,0,0,0
A945B8DF1138A3EA68B392D844133DB7:4299,2309,3891,18523,5940,0,509,355,0,77,0,168,1643,0
A98E0E2EFA7716E48268DC314F386D23:7166,304,6061,5821,9633,0,32763,673,0,5421,408,0,0,0
A9DB87AC1C04F2F51973FF446DE9ACAE:0,0,0,34,0,0,0,1071,0,0,0,0,0,0
AA213E63A4C0706A5C2E990DA7F3DD5B:0,0,0,0,0,0,2,0,0,0,0,0,0,0
AA6FAC074429E209AFD20EB60BD65E4E:0,560,0,0,174,0,0,0,0,0,0,0,0,0
AA7D947C314C7C3ACEBC994CC889DFC3:4982,88,1250,5723,4054,0,0,493,0,2892,254,1295,0,0
AA8DE4E1EAA4974ED8E8B652D5E2934A:2064,9014,0,7815,12285,0,1664,2455,0,0,0,3112,0,0
AB1D1A45D321372031ED24FD3971314C:534,362,1210,0,535,0,2451,0,0,75,0,0,0,0
AC47F083C76F555EC4CCF0F9C4A4CD4B:0,0,0,0,0,0,0,0,0,0,0,0,0,0
AC97437364B6701A12E48E3D4559D251:0,0,0,0,97,0,228,247,0,0,0,0,0,0
ACCF622A7C0D69044826FCF4295B481B:0,0,0,0,302,0,0,0,0,0,0,0,0,0
ACF9D8A63599E000BE4153F171CF4660:8006,7568,3259,15766,3545,1049,0,5473,0,0,0,0,0,0
AD326DB0F2323E382B67D86E822F6A1B:5280,16497,145,2081,25722,251,106,11893,0,64,0,1543,0,0
ADBDD7400B4C6F5E95CBE849AFA8CA53:545,0,0,2318,10967,0,507,10898,0,0,550,0,0,0
ADD788E0169BAB7E41376CC7F8C0E5D8:2223,0,82,1065,23176,0,906,11750,0,182,19505,90,0,0
AE2938EF7086C4FB8C0AA4666DF9590C:34,49,0,1216,5585,0,537,4882,0,366,54,0,0,108
AE72F1D14C3DF265243B539904253ADB:2357,1400,67,19929,29328,0,0,9964,0,0,612,0,0,0
AE75FE9C59F4F1EBC860808E08F8CB23:7288,161,5942,707,22845,0,1036,1039,0,0,0,6586,0,0
AE84A7B682BAB4C409CC855E3EAE6875:10273,1576,0,3355,3795,2432,159,8531,0,0,3655,0,229,0
AED7B2797C9A3F6092E54167D051DD11:0,930,0,0,0,0,65,132,0,0,0,0,0,0
AEDD5983474717403333F5B7679AAA85:0,0,0,0,856,0,0,224,0,0,0,0,0,0
AF00E86D6D974891A6AE65A18052A58C:0,0,0,0,0,0,0,0,0,0,0,0,0,0
AF89E706AF2E5F1EA0EB39B832F0D5BD:0,0,0,0,0,0,0,0,0,0,0,0,0,0
AF8B461F71F77BA634BF68B22D6F4329:2404,1656,2947,715,11661,0,88,7728,0,133,330,0,0,0
AF96FBACC0E2FB7AAB0E3FD81196CBDE:0,0,0,0,0,0,0,6,0,0,0,0,0,0
AFAF85560912E87C36C3535BE0DB6578:10793,52,424,4259,3361,702,0,230,0,1267,58,62,258,0
AFB9327ECA7B889923F353B93C3D3ECC:296,103,0,227,66,0,134,195,309,0,0,0,22,84
B0AB7C161BF3A9E1BF42AE864329D568:166,0,0,464,0,516,0,138,0,0,0,506,0,0
B146FE622542D7693FC582D015E04A09:0,14,0,8,798,0,20,260,0,0,0,0,0,152
B152E83FF597B1331CB62B2EE4C98DC9:225,0,0,375,102,0,251,235,0,0,0,0,0,0
B1D2851C53C6808F693F5D3BA5AF05E2:0,149,0,0,99,0,50,0,0,0,0,0,83,0
B23A80DF197394574DB92118637F42B1:667,121,73,11236,9114,0,514,2754,0,0,0,0,103,107
B250EF7D64D581C4466990A47421967B:13636,19134,0,27592,10596,0,310,2243,0,1199,398,0,0,0
B29F5A58D950B275A7BD008AB158445D:1472,214,0,201,1924,0,0,4894,0,0,0,0,0,0
B2BFE5889CE2AD4C6106BDAE998E8DA5:0,352,0,30900,25370,90,0,5084,0,225,267,0,0,0
B2DED30C1039627D0DE5EF6EE62228FF:8711,15702,2028,27839,15539,444,872,5953,118,681,576,0,705,0
B2E47943E294D9C6FEBBA1047DDC45AC:26,4065,0,3171,1197,0,889,3589,0,0,0,28,54,26
B2ED94FCD7DA7874BBDACA4056D9169F:192,17752,0,32696,11944,0,1988,3760,0,0,2074,0,365,260
B30247BA3A93517595747B28D9FDB41B:24779,162,4196,8462,11962,1516,0,33690,0,225,0,208,772,0
B388D3095E1A03185644B85CD86076FA:0,68,0,0,223,0,0,14,0,0,20,0,0,0
B3FAC2E77EDAEA99917ED8EC0CA0FD62:0,59054,0,0,6659,0,0,657,0,0,0,0,0,0
B3FF5AF0D81CD0A6FF2ABA5172B9B242:66,0,20,0,1612,0,450,963,0,0,315,0,0,0
B424358D2A78F60ADBCF11B4AA09FAAB:55,8581,34,190,3048,0,0,2260,0,0,0,0,0,0
B473D51FB43EC64EE796AC82071FDDEE:1358,6554,70,4874,11148,0,1700,24331,0,0,314,242,0,0
B4BDBF653B832C3563F682F1FCBC2C16:0,0,362,7413,0,1326,0,0,0,0,0,0,0,0
B4C00DACEA7857E1DB734AF0CA86F14A:26,20,380,234,80,0,0,25,0,0,0,6,20,0
B4FD263BB699F424CDB6A662AF0049B2:0,3571,852,0,282,0,0,0,0,0,0,0,0,0
B51C55F20502F593C41D78A06545F879:0,5126,27,21671,5178,0,0,7715,0,0,158,0,0,0
B578D67545784CCA79B303C902EBD2CE:1037,0,0,0,2386,0,30,0,0,0,0,0,0,0
B59F16D4C4BCA2592DF9B3890FE8C375:3829,0,0,608,1963,392,127,1947,0,0,0,4273,0,0
B5C6AD92DBB925F066A8CC38D2E70BDD:724,13164,194,240,2108,0,15092,21800,0,0,495,3408,0,685
B61FCA3DEAA7B75DDE77FA98EC070F39:1020,61,287,945,8596,0,531,2375,0,0,0,119,0,0
B6225444F2560BA859C24A14CCD9769C:0,0,0,0,2,0,3,149,0,2,0,0,0,0
B72AA990DA6A142DEB8F54E20FDEA529:32,8,0,0,1407,0,230,0,0,56,0,0,0,0
B75F58301305183B958BF0488A88ADD8:0,28,0,941,2871,0,0,10143,0,0,0,0,0,0
B7D8767E1C7551350789960306545A89:138,45,0,0,17158,8,2507,855,0,2,0,0,0,0
B7EDE7E3F6BC5748A3D181FF20327D7D:0,0,0,31,0,0,0,0,0,0,0,0,0,0
B870BCD318B8D667A4D61A6E71ACD49D:7583,1721,1094,1486,8132,3489,2447,3178,0,112,236,0,358,0
B882C1A404FC8F9A910F549A2CE9C6D9:0,0,10073,17160,15209,0,60,12709,8498,0,921,886,0,0
B883E6EE0556AD1FFF087BC8561421E8:510,750,166,87,2830,0,746,468,166,2342,1095,0,148,0
B8B35CB0AE1719AA9F0BA7A9F3785687:0,0,0,0,0,0,0,0,0,0,0,0,0,0
B8F151C38BC1B3DDA0BE8C2BFCD35B14:1814,520,0,38,7546,0,176,1257,0,0,0,0,0,171
B911DECF1220BDE89E6D7876E9E0412F:4366,14410,379,601,4923,0,0,6435,0,46,613,0,2260,0
B98AF5ED93293E7B160BBF7C17EB1DA0:0,16,0,0,2113,0,572,198,0,0,0,0,0,0
B9A01AA77750279F4BC00C265A632095:2110,211,88,216,4390,0,560,398,0,0,239,0,0,0
BB54F87E6E4EA03DF7742E6C9829C995:0,0,0,150,792,0,827,1767,0,0,0,0,0,0
BB9E2970915198AA48D804DE2E8364DC:0,0,0,1796,22420,0,0,0,0,322,601,0,0,0
BBCA3CF982125E4E78896812BF3B62F9:0,8,0,8,2,0,6,0,0,0,8,0,0,0
BCED4437FCAFF42C57A70F6AE2D9F14B:202,0,0,0,211,0,0,96,0,0,0,0,0,0
BCF4392D495DAFA28F63C3E8ED1C7D54:52,0,0,167,71,0,737,346,0,0,350,0,0,0
BD2F126F7692C68F8441253586199ED8:3838,19232,844,1646,31796,610,0,0,678,332,395,0,0,0
BDDBADE7AC05C448AFF6AF4B38134EFC:0,4,0,0,52,0,0,0,0,0,0,0,0,0
BDDCD9AFE02D71F0A384CC19D1A4A217:8209,12856,0,30497,22055,6697,278,11932,0,358,0,396,0,0
BE8BBB657431F0F0A9E95A0B730C45B2:372,394,76,19131,3179,0,0,1537,0,0,156,0,203,0
BF487CA3E186551FBCDE6066910C984D:3379,4003,652,14324,19256,8514,0,4278,0,0,0,266,0,0
BF9C061111A19DB4842C10322C032EE0:748,182,3529,2987,17593,279,906,3004,0,399,25,0,0,0
BFC079DBA34C7CAF247C0518E89232E4:0,0,0,0,0,0,0,0,0,0,0,0,0,0
C06938A7D045C03C2910D3A342AA5FD0:0,8,0,0,0,0,0,164,0,0,0,258,0,0
C0DA43734B3BA823109BB5A29AE4CEC9:0,34,209,98,5994,0,472,493,0,0,0,0,7360,0
C110356C73E2BEBDB849594FB80AF645:0,2,0,40,0,0,0,0,0,0,2,0,0,0
C128F178A5AC37EE98306FA2154E30CC:0,29,0,4105,1357,0,0,0,0,0,0,0,0,0
C1481A88D8E582CE58F9413D5AC93360:0,0,0,0,1834,0,0,0,0,20,0,0,0,0
C215C77F00DA63AC1D4C31DA1144FA33:138,0,0,138,345,0,0,70,0,0,0,0,0,0
C243F76E036CB859903C4B29581F0572:282,514,0,173,2838,0,591,741,0,99,0,100,66,0
C2554E1594BF7A4D7F0F3A4A757BCB81:2175,556,0,8673,1078,144,496,1467,0,0,218,0,82,0
C26B71DF4058647C4F48ECB26E9ACD7F:1074,408,78,108,5338,0,0,0,0,0,0,0,0,0
C2D1301A6B2A9F4AFE67A1AA7316547A:146,578,0,1046,1833,0,398,7508,0,526,0,0,0,0
C34D07090AC98AAE3C9851CDEF24B71E:372,6964,55,10022,3830,0,847,7237,0,46,1112,0,0,0
C3CCF898548C162AD6C66383D32263F7:1076,0,0,205,1471,0,0,3166,453,12892,0,0,165,0
C4005DA4A9596BBF58A638DF07B30A50:348,3028,0,1187,7237,0,0,2959,34,0,185,305,76,0
C4FCF0E8C8EBEE761088BF990C347463:322,88589,0,2076,12484,1214,46,1313,0,468,360,0,364,0
C512A88325EB5773CCE55F24979245EB:1196,32868,0,16047,7551,0,724,23120,0,0,0,98,0,0
C59D8E67CE2559EE764824913B3FBD1E:0,0,0,122,0,0,26,49,0,0,0,0,0,0
C60E0A0674F9B469A9CBFD26C549F233:181,5265,0,659,50232,100,510,4956,0,0,2074,0,202,0
C615636350F535D42D9D9E248988C1CB:0,0,0,123,68,0,1,304,0,0,1081,0,0,0
C6553C8CEB67FE72BE1B1351584970CB:96,89,0,594,1458,0,1767,241,0,0,124,0,185,0
C66FF555191162273BB4DAD64FACBFAD:4131,69,0,10285,480,0,672,813,0,0,1825,0,0,0
C6BE48CF321D43882A5416B03210ECD5:0,0,0,0,0,0,0,0,0,0,0,0,0,0
C7013ACDB3B7B648F72402649C4CA8EC:382,332,205,0,1279,0,0,342,0,0,0,0,0,0
C77BEE75EB5F1507280981E8C760FD1C:0,348,0,996,245,0,0,148,0,0,40,0,0,0
C790787D9A7C4289410E43EE1CC27373:14172,4577,1669,24165,15364,16552,1437,4809,3759,869,43,0,0,0
C7DBF426D77E9CF422A7641EE7A3F436:3224,145,198,8574,8924,273,119,9820,113,292,888,0,564,0
C8BB414636A584CB4674A5146986AB27:0,5595,0,10210,465,0,0,1277,0,56,0,0,46,626
C8D029DAEDF6C6600C252EAB0A63C8D1:146,417,908,6703,1534,0,218,944,0,336,0,337,0,0
C917FC43F026F7C59DC95F2C72706E59:301,343,0,35,251,0,0,341,0,0,9,107,57,0
C92221F99959B91D091B181D21112AE5:0,25804,0,0,1559,0,2023,10000000,0,0,0,0,148,0
C9660BC73C09990B7B088CCC03A52183:0,0,0,0,54,0,306,8,0,0,0,0,0,0
CA82768CE5696FC1AE4BEFDCB6EBC48E:160,160,0,0,6208,0,0,20,0,0,0,0,0,0
CA9BA73E464F111E3CFA133439FF4543:2797,224,0,16155,10402,0,163,2165,0,0,2939,0,0,0
CA9FB1D01FB6C899EF4095ABC2D3EA13:4830,3053,153,1454,6697,0,255,10000000,0,134,0,1341,203,0
CB2B01A7F6FB5DA3ED42BE4FCF80E4BE:0,19746,0,5509,15520,0,7722,734,0,0,2180,0,0,0
CB4A064C3CD412A08579F83572312739:0,46,0,0,0,0,0,0,0,0,0,0,0,0
CBA230D56439DD8195C088BF5703D6CE:2197,254,483,2410,2670,0,770,1716,0,0,0,920,1136,0
CC033BC7D61C82CBEFE72F540117C64E:0,0,0,0,0,0,0,0,0,0,0,0,0,0
CC2C488363A59B75143CA2161518615C:62,4,26,0,5282,0,577,987,0,0,44,1023,0,0
CCF1E94CD4E4158228837A7D86B0D89B:387,3366,0,11864,1196,0,544,3004,0,0,0,0,0,0
CD2ABC3B85488B39F9E4FB416D9B4BCB:0,0,0,204,0,0,0,161,0,0,0,0,0,0
CD7DEC1FF44461F0CB9168CB6AD13960:0,0,0,0,3816,0,0,0,0,6989,0,0,0,0
CD93C6CE9C01BE887980E749CBD41C82:0,0,0,8507,2527,0,687,120,0,0,0,0,65,0
CD98CC43C7D44A82839DAA5C0E6251B0:0,9859,48,6638,14169,0,263,953,0,0,0,676,0,0
CDBE869D2FE04483B8E7C9FC8FC39077:31,5514,0,5516,0,0,9,0,0,0,0,0,0,0
CE45E49B69141302D440063E827FA33F:0,990,0,0,1280,0,0,7911,0,0,0,0,3197,0
CE72AFF6A83306A46DE441529B8D0D54:2117,872,1284,1637,7251,0,1719,10000000,0,0,986,0,0,0
CE73B402195EBEC32E9631AC020EC7C4:60,0,0,130,544,338,384,0,0,0,0,0,0,196
CE7B1B282A6E021083687DE541338701:3818,98,15450,4012,31862,632,494,5620,0,0,0,303,163,0
CECD01C1EB84F4F0F2B48E121C8A62F5:230,0,390,134,18991,0,152,1386,0,0,0,0,95,0
CFAEE698FE5E5069AA9E0BE93BA6877E:1004,1879,0,394,1816,391,228,3521,0,0,2188,184,82,0
CFBDD53427ADAC998E0DD01F9C000B4D:0,0,0,0,12,0,63,28,0,0,0,0,0,0
D02C6DB8A690013346B1FD2654BC9F98:8904,49293,3680,3511,28715,0,0,8849,0,0,241,7777,0,0
D0CC7EF0476547C9D13F8108D63C3ABC:0,0,0,0,1701,0,0,0,0,0,0,0,0,0
D0F9AFE9074BA61C5793C975976446B2:7234,0,0,76923,9594,10282,1677,5250,0,1560,0,798,34997,0
D10DFDEBE82BA75C66089B643CDD4C59:0,0,0,0,8,0,0,0,0,0,0,0,0,0
D16BA87D4A09BEFF02439588723FD553:56,5486,0,39,3222,0,102,1913,76,0,0,0,0,0
D1D0CE9CB7DC63978000E8D3B82C3F74:68,212,45,592,3650,0,1211,649,0,0,0,794,0,0
D1EF2C3C5C96B761FB27D5C874854086:0,12,0,552,12,0,0,59,0,0,0,0,0,0
D22F8B094BC44244C14D01D15B554C92:0,12,0,8,2,0,0,0,0,0,0,0,0,0
D27DB3EB564D31DD9E954002D414CC10:153,0,0,274,1772,178,0,1587,0,0,0,98,0,0
D365DB3E2116E1E23E2E02F0A10D14C9:22,0,0,454,4362,150,476,4279,0,1463,0,0,69,0
D390D3DA2959FCF07B08B99257B0F310:111,0,0,162,3474,0,383,2067,0,0,68,0,0,0
D430446D49C9D4CE704BDA0C1278DCFA:261,4135,0,0,4114,0,0,8080,0,0,0,724,0,0
D4E08A2D0E3FE344D44EAC3E5A4453B3:1461,217,0,974,8868,0,6332,2652,0,92,107,0,0,61
D5253FC4533868196C919EA2DDD6D1E7:945,330,603,726,9028,0,7210,1519,0,0,360,0,106,0
D55B5931AA3BCC2363F3F449350AC158:0,78,75,3,4,7,36,0,0,0,0,0,0,0
D59B7C4F21B57DC2C880538F045F5805:0,0,0,0,56,0,116,0,0,0,67,0,0,0
D5A77A8C3D8FE59CE5262AF34A4D1C4B:718,4258,0,18676,15390,0,48,434,0,0,1156,0,338,0
D619BB59818146DB01BB2BC84FFB6EB4:91,0,0,0,72,0,196,15,0,0,0,0,0,0
D62948FBC48F8EA8490E172F1D0B2AD1:5410,94,4238,2679,48654,0,0,1308,0,0,0,84,0,0
D651E8B28B7B9D8255C100C68DA879B0:0,0,0,39,0,0,0,0,0,0,0,0,0,0
D68A20673942D28ECCBDC48C1F736E35:0,0,0,0,0,0,0,0,0,0,0,0,0,0
D68B58E346DF590C69399CFAFB53BB15:2048,0,2706,9684,1332,0,126,1668,0,0,0,0,0,0
D6913C611706FD5BDE6A11CE9C5F19E8:0,0,0,206,1463,0,944,3377,0,0,0,0,0,1190
D6A0775887032913B0CD9A82C4CED3E3:2781,28608,3712,3345,32003,10532,2283,33568,0,0,0,0,0,0
D6DFCE7913B2BB8F8454F48FBD0DD50A:4279,0,2188,78366,20012,1419,937,27773,0,209,43,0,0,4321
D6FA7DEAD1F40EA9FFA2AF0A8C71102B:48,2714,0,532,0,0,43,84,0,0,0,0,0,0
D75607B3991A5F9B5750BB6961235435:6854,136,1053,6506,765,0,59,15839,0,0,93,161,0,240
D75CFBF73F17BA86AF07AEA5F85FA038:139,291,0,65,1255,0,1250,720,0,0,31,0,0,0
D777DB18A6EE85733E313701F0450E9F:4959,0,422,2931,50,5503,0,55,0,0,0,0,98,0
D7B4E462A36743E236F46DDABF2004A3:0,0,0,196,0,0,0,37,0,0,0,0,0,0
D7D8D83500D0DE73A5E91939A5432C6E:1243,350,0,869,1554,0,0,3369,0,0,10,418,134,0
D7E5AD00EA55EA21B787AB6D7FA6F3AD:136,0,4,6350,1172,0,72,5059,0,0,219,0,1772,0
D842E2E37E654F5FD14112C07BA4061C:0,584,72,234,539,0,443,0,0,0,0,0,0,0
D8B043DD00E98C11BC8ED392A65D3E54:0,0,0,2,179,0,1582,0,0,0,0,0,0,0
D8ECC455934BCAD2D056998C4925669F:67,0,0,578,989,0,0,1518,0,0,149,64,325,0
D954DD33C2314DC6CB20BF6AF24AFACF:693,1003,34,185,5743,0,563,3577,0,0,437,0,162,0
DA8D2C39892BFA8738537EB8D800A5ED:0,0,0,0,0,0,0,0,0,0,0,0,0,0
DA8F53AB6E3D05FEF27DD3392B0FEC64:0,0,0,0,0,0,0,0,0,0,0,0,0,0
DAC3F3B25744C36F9CFEAB895F513893:819,3709,3648,16125,3099,0,2416,1523,424,398,2496,972,0,0
DAE2D7F744E1AF914AA15238852E056F:54,8,44,0,0,0,0,5,0,0,0,64,0,0
DB11C5C975E9EBC90EC7184C64EC92AC:0,0,0,0,0,0,0,8,0,0,0,0,0,0
DB1819F4B716E8D98361E737B134C124:0,2,0,913,3759,0,99,322,0,440,0,0,68,0
DBA595EDC1E3C2214ED62C128944C932:78,12343,518,1494,404,0,16,1462,0,0,110,0,70,0
DBB222F84B90DFA2B6DF6EC0A9011296:6640,164,120,4884,6212,957,0,4373,0,0,151,0,270,0
DBF66A7F1A9E53A4A026C1AFA35CC261:6,0,0,40,44,0,6,0,0,0,0,0,0,0
DC1C1EC4382434FD73964FA49A07FB66:171,65,0,978,2658,0,8,42,0,0,59,0,0,0
DCD991328EFDC05F71C4CC26D747ABB0:90,150,52,1648,136,0,1321,97,0,0,54,0,0,0
DD2EC1AC6B08714F46ECE8A14A02B945:0,0,0,1096,112,0,472,30,0,0,1089,0,0,0
DD845A263018A37E1E75FEA93113DEC0:89,0,0,0,13,0,0,0,0,0,0,0,39,0
DDA33670117C841DD91BBA9FB7165A03:0,0,0,0,0,0,0,0,0,0,68,0,0,0
DDC67A115E8358D8D35BF787285AD1C9:3441,5806,28770,48466,32683,0,1364,7107,0,0,105,0,251,0
DEFF075AE720F8426219FA9D6AE079EE:171,54,0,11043,786,0,0,1960,0,0,0,0,16,0
DF5B2C16CC1614AF41349A777048E6A4:48,58,0,0,0,0,0,0,0,0,0,0,0,0
DFB4FBD985069D386D51003DFA998073:2685,8249,0,52922,6499,117,722,8129,0,0,0,0,0,550
DFF4436B09F3B25B37B0317B56F72113:123,463,5753,0,11799,0,248,0,0,0,44,851,0,0
DFF73E9DC448BCB8D00DAA836268880B:0,0,0,0,0,0,0,0,0,0,0,0,0,0
E01D99D462E63557AB72B61E865D53F1:64,0,0,0,4038,0,972,7469,0,0,87,14,0,0
E03FB2E282DC932707ACFD9DC8D6672E:0,0,0,352,120,0,627,2911,0,4,0,0,0,108
E09287E09C8A4298F87F2E5A01283293:2938,102,919,3981,12692,80,131412,2978,0,455,643,1154,90,0
E1011FA80A317DCDCBADCEB4D6AB4707:808,103,48,106,2388,100,853,1743,0,0,72,0,0,0
E146DE01C55AD01CD6D2DB18ED1D7F9B:297,0,0,1267,793,464,254,65,0,0,0,31,0,0
E15910528DD74AB1A7902D2AFB212508:198,6,12,324,3587,0,0,32,0,0,0,0,0,0
E1EF344860E391E58B99C9716B00A866:8389,2158,971,9666,11326,290,212,12561,0,468,673,690,0,0
E23773C4C5AF343418C6157FAAEEBBF8:0,2,0,17,28,0,0,38,0,0,2,0,34,0
E2D3A6214890A32DD0FD1C2D335249A8:0,0,0,0,1797,0,596,0,0,0,0,0,0,0
E30E364D43D66AE409EA91F98D7C03A8:595,1408,0,0,5388,0,840,16,0,0,0,173,0,0
E35A8EFCAA850C9CF32D43CB01F1055A:0,0,0,0,16,0,0,14,0,0,0,0,0,0
E3ACD20006EA20150601B784CB4EC53E:0,0,0,0,0,0,0,0,0,0,0,0,0,0
E3D93FF060854D434BC18730A4375A03:126,175,1098,592,731,0,98,160,0,0,0,0,0,467
E3DEF7A6276F2F8A8BC22FF7B41D7389:36,0,0,0,0,0,0,0,0,0,0,0,0,0
E3FD6F72286D9B083267088E76D43BDC:1996,100,609,609,3145,0,245,478,0,0,100,0,254,0
E3FE68AF34ED8E987579B0771EA0EED5:0,0,0,0,0,0,8,0,0,0,0,0,0,0
E40F32663745DD5EAD597B9AC49D58E6:0,0,0,1181,0,0,210,0,0,0,0,0,0,0
E4169C9E6B4A071721DB01DB9F17CBC8:96,0,869,15,299,0,0,359,0,0,0,0,0,0
E45AE227D07AE97CD5CCE550EBF3F537:7612,38727,0,65645,16758,2074,196,67255,2420,286,718,0,156,0
E467A117D5547F3C13369F642C989F17:240,845,0,2683,2487,334,258,7958,0,0,0,146,684,0
E49CD17D53B15C4F9A152A47A5776641:3315,2435,98,908,1698,0,384,686,0,735,0,335,0,0
E4CBABACB1557F095DE250C0FBCA137D:0,0,0,0,0,0,0,40,0,0,0,0,0,0
E4CC21C68ED883637F4EE5B0F3270E4B:59,415,1008,88,6138,0,0,1046,1423,0,0,0,0,0
E4DF40009D145C31ED4842587FDE6A89:0,52,0,0,38,0,0,0,0,0,0,0,0,0
E599BF154D80484D0B8FA0ED98407454:1274,0,0,8120,12565,0,168,13302,1752,0,4619,0,0,0
E59DAC67FDD9B7133F48041D66AC8EF9:578,13722,277,686,1937,0,37,2269,0,0,96,95,293,575
E5A481A383352690B8993469964F477E:0,0,0,0,668,0,0,19,0,0,0,0,0,0
E6097A33CEC64A70995149B870652BF5:935,9089,0,15305,2624,0,0,10000000,0,0,0,0,0,0
E6584901C2484C1F5B4DC537E83DE4E6:1253,3763,62,8844,7909,50,535,2073,0,0,0,5308,0,0
E6EA268AEF379D9E03C1CF543CF40532:29442,8455572,260,28330,48523,11335,166,21464,0,236,130,0,0,0
E7077D5C81A3CA92BC2ABC0AA6121BF6:3182,71428,704,135439,892,2068,3747,20195,13787,59,0,3586,0,0
E73A79171FA2D9ECC7A5AAEFE8B76337:7823,282,0,1273,16811,5785,685,14928,0,1749,1138,0,142,0
E7A7B1973A1CF15CD391AB553AFF9A5D:0,0,0,0,79,0,103,0,0,0,0,0,0,0
E7E4B346D39C2DB67820A355187D4FCB:111,30,0,210,2085,0,2682,9314,0,0,651,0,0,0
E7F198649A1F41A063E5CE7B1F1A85ED:16026,328,1797,12328,15197,0,0,22063,0,3821,0,274,0,0
E828C76897E1A3D1291899493FBFEDD4:0,89,0,0,0,0,0,23,0,0,207,0,0,0
E82A88D937E60267FD2C866B01131ADA:8449,439,118,4409,7899,675,451,1600,0,839,568,1619,896,207
E8357B98B2F0DC3C1CC032288FBC3727:842,27,204,45,635,0,285,288,0,0,0,0,307,0
E8408A77EA10EDBBFCE413740B1C048D:9674,827,1355,726,5621,518,138,10000000,0,9886,3450,433,1537,0
E88C5ABBABF141D07E5676432ABBC344:152,0,0,0,481,0,0,567,0,0,0,0,94,0
E8B3DACC4B03C0C6942FF6DA2B257882:25207,30343,0,40129,40411,0,0,104262,0,53933,0,0,0,0
E8F650196A2927CE482957A51AB4DDD7:0,0,0,0,322,0,0,0,0,0,0,0,0,0
E8F69E0ACD5854574526D93056207547:691,8345,0,18233,11125,532,404,3195,0,0,0,0,0,0
E91FA3C45E1926A0C256162A3EE499F8:0,26,0,7961,26,8116,20,30,0,0,26,0,0,0
E93A2723A594E1402A3F6A1A8413A3C1:221,4432,0,5985,8242,78,43,7836,0,0,0,0,45,284
E95F9A2A1153335CF914E721FF7452DF:1062,0,108,380,0,96,0,1332,0,0,36,37,0,0
E9EE0E09750465B2D6401F1227FB91DD:0,8,0,349,44,0,120,0,0,0,295,0,0,0
EAC7F67FA298F009C0EE19793E9EECA9:64,0,0,0,289,0,0,361,0,0,0,161,0,0
EB5428A5012EE8AF5B78ADBA3267C34A:8122,2876,0,276,35485,0,0,61952,0,0,70,0,2755,356
EBF698394B2A014E8E097444A7D2CF20:0,104,0,0,1029,0,0,0,0,0,0,0,0,0
EC2CE1846AA817F93AA94CED7F9D19A7:11423,50,391,10154,1370,167,363,10420,0,65,190,0,0,0
EC50F911B46A23D635717B3C3AEF6268:0,0,0,0,58,18,22,0,0,0,0,0,98,0
EC5EBA818653621442AD08E7BFCA94FA:7057,0,247,264,581,0,0,125,0,0,0,0,118,62
EC71E71A6A46AB2D351378E9BE681401:176,8684,0,0,5805,0,4859,1461,0,0,0,332,348,0
ECE44895591BADE529B5D38F570AA2C9:20,0,0,0,0,0,0,0,0,0,0,0,0,0
ED203B20B6013AE6F476EE38570E6142:24,6,81,0,250,0,28,180,0,0,0,0,0,0
EDB4298FB247E84EDD2DD6FE38C9AB78:933,47532,0,2355,2520,0,140,15653,0,632,488,0,82,0
EDD7CDDFA6CBFB8FF5A40668C2DC69BA:377,303,0,8424,3053,0,862,517,0,0,209,0,0,0
EDDCE0CD864A6D95C808D323F00E05BB:16478,2281,617,15668,5487,553,648,7169,0,369,0,230,0,0
EDE529B2F98A369876AE5179EF04D3DF:382,68,0,68,25835,0,206,0,0,0,0,1898,0,0
EDF9FD0DAAD4F40F461B00249BAA29EA:10441,0,107,246,3893,0,60,10000000,0,0,0,0,5371,0
EE686C81D7B16D3EEC718B6C21716D6B:0,0,0,0,0,0,0,0,0,0,0,0,0,0
EE76BDB73D7B40A5EEDD83BBBD71E200:0,0,0,0,0,0,42,0,0,0,0,0,0,0
EE855D8E4FE4FFF1B295B710FE2B85A8:10878,928,72,10137,4683,178,789,4266,0,2579,0,51,66,833
EED4FEC083B15B77488B073183CE5070:0,0,0,0,1336,0,0,72,0,0,0,0,0,0
EED7D5BA22BB638D57B1E1E241F763C8:1407,0,319,501,1509,0,79,1377,0,0,129,0,0,0
EEDADBA2C66F4539239A2EB158EE1387:1592,4,0,0,2534,0,0,537,0,0,0,616,1304,0
EF1601E151259F022867984DD638B6B3:4660,128,214,3934,1279,504,2685,6143,0,5883,136,122,126,0
EFBA0D602748D6F5066384A22B186E5B:0,233,0,1185,0,0,5389,0,0,0,0,0,0,0
EFBB36A8571980EF0B1FDB4AA04376D6:5752,831,0,778,3202,106,0,4114,0,843,0,94,244,0
EFCC2FA8F6BBFF11ED5FAF193B8CDA52:26,0,0,0,0,0,50,22,0,0,0,0,0,0
F052E133BB46062A903E610CCA88D11B:1382,110,0,472,770,0,716,80,0,0,0,0,0,0
F0AFFF5DE1ACA32B1E3E3A4FB6057FDB:5607,54,0,690,3291,0,0,17,0,40,0,22,0,0
F0B6F95A4DBA808CD64D2F2DB1399BAE:0,8,0,86,2551,0,0,11,0,74,0,4,0,0
F106021ACF832AAB91E002D19A31C80B:162,19679,377,20231,16654,0,1136,793,0,62,158,80,282,0
F1D44F7050F49C610CF24EB47E190DD2:980,549,0,549,64,0,0,1619,0,62,0,0,1012,0
F1F526ED8E6F57A0BCA460A13D121FCC:49,0,3323,0,5540,0,0,0,0,0,0,0,0,0
F2007AA2D95854CCAEF99F3C58F88F25:35,0,0,6,241,0,0,26,0,0,95,0,0,0
F20782222B4A21AFF680CA6CBDC4DFBF:2877,5161,975,3021,197,2862,0,8147,140,0,0,0,23,0
F2095765CF8D9BD11547A54593585DCD:0,0,0,120,0,0,0,0,0,0,0,0,0,0
F2E454EBE804DB692E8FD44475FD277F:194,600,0,4717,4899,0,387,14741,0,0,0,0,3101,0
F30E8E341B691D51F0F2BB0C1B7ECABD:1302,1354,1117,2653,1532,482,90,4046,0,0,78,8314,0,0
F31E3C6A45A5E8E373BBADFE9BF7AC78:566,0,22,356,498,0,0,184,0,661,0,596,0,0
F364A1D9E81D39CF8B39EF670D193E86:5473,246,5211,63883,10795,1858,2042,1975,148,0,1655,0,0,97
F469935E9C18498F6310397A3F1A73DA:1104,62,0,483,364,0,968,86,0,0,360,660,88,0
F47BE47D7876EE4098FAFAB3F383F7BE:1251,0,0,0,14,0,0,660,0,0,0,0,1057,0
F49DB7E24A06C20F409B456FC569B4B2:0,41,0,50,0,0,4,0,0,0,0,0,0,0
F4D4AAA6D223D2B84647A8D3DE465AE0:0,0,0,0,0,0,0,0,0,0,0,0,0,0
F4E81F5E817FB5E41D3EFFA39F4E42F7:1328,957,237,845,36182,0,37,10000000,0,0,393,0,0,0
F50A3D58C10E7B8FDEE784AED4414096:8,0,0,0,10,0,0,5,0,0,10,0,0,0
F52D27E4C25437E92983AE784BFBA016:0,0,0,2,0,0,0,0,0,0,0,0,0,0
F565BB9EFCCAF6986443DB0BF01018BC:691,417,616,819,1484,0,746,3647,0,0,0,149,0,0
F587129576DF57146BF62035E80332E6:0,0,0,0,0,0,0,0,0,0,0,0,0,0
F59B48D635441A99806E3E4871FAC001:1135,0,668,7425,1392,0,0,1544,220,145,0,98,46,0
F5ABCFFC9C49974D24E08DF0AF495FE8:16,22,0,111,154,0,0,14,0,0,200,0,0,0
F5B5A18A903612B638F659662B243AD8:180,0,0,0,346,0,46,222,0,0,0,0,0,0
F5C59A6A35B260E032950AEBED684E9D:13172,721,0,1119,8667,0,301,51489,0,0,0,650,0,0
F603976E1EE9027E98F0249DA104DD39:2838,2069,130,29207,7896,0,0,6316,0,0,0,0,786,0
F612F157E8C63FA59387945BC5B7C0DD:3070,0,0,6448,2246,0,0,1156,0,0,0,68,0,108
F6DA450486F1D52E1D975837F24DA054:3875,7371,7141,10262,25421,0,808,3000365,0,1290,102,0,734,0
F7102577EA745944219C28BF8025867A:174,529,0,89,246,0,0,0,0,0,0,0,0,0
F79A5236B90EB4B81759519104858FB6:3354,1818,538,1030,3391,0,0,2292,0,315,1638,0,174,289
F81DA3752D8A7D9E8C2BBBA90FE3B1D2:1267,0,0,264,22524,0,0,0,0,598,0,2909,0,0
F846E452249DFFB893C910666A66D011:0,2,0,0,0,0,14,0,0,0,0,42,0,0
F858BBFA66B1EC7D220068D2F1B8793B:2480,649,0,5126,4237,0,447,4729,0,0,0,0,70,0
F86315AF2D90851E22B5240FFC6DD596:5884,3120,0,1963,12728,0,734,10000000,0,0,654,112,0,0
F877FFD3E2602B86EAECE5218CEFA3E3:0,4349,0,5595,25856,0,0,9339,0,0,0,86,0,0
F8A37D816DE22F6129E2A24F59C23702:1658,0,40,150,312,0,118,2517,0,2712,0,0,0,0
F9311EF0C9EADD32A0314E7D39817523:0,27,0,0,88,0,0,0,0,0,0,0,0,0
F972A7369E7BF42FFF0D7D38E90AB465:0,0,0,260,0,0,0,0,0,0,0,0,0,0
F9751ECE51E27EBF715EA523CB706408:0,836,0,590,197,0,0,178,0,0,0,0,0,0
F9EDCF222E663597E34ABA8E95ECF99A:0,0,0,0,56,0,462,0,0,0,0,0,0,0
FA1AC129DE91AEDC57855D1176367789:0,0,0,0,12,0,0,6,0,0,0,0,5,0
FA50869F5FFDC06EA233A7177C6B4AF0:2495,2824,106,2904,18540,539,4259,352397,0,0,715,353277,0,0
FAB24A799E65FB1736B8563D2DC2C164:0,0,0,8,1129,404,438,134,0,0,0,0,0,0
FACFCEDD56CC874E4C72982AEBD9AFE8:0,788,0,957,69,0,28,52,0,0,0,0,0,0
FAFA5914B6257B99BEFA1264652D18C4:52,0,0,36,1166,0,0,28,0,0,0,0,0,0
FB142C7B92162694D5BF58DDD947A215:825,622,0,15205,16580,0,366,2103,2391,375,145,0,0,0
FB3572C1EFA834B932BC287490AB0590:32,539,0,0,85,0,0,333,0,0,34,0,0,0
FB5E591BAFD9F645B9D1B96EE6ED6A44:244,410,72,14668,104,664,0,8358,0,0,0,0,0,0
FBC5E40E32EDD9933BAC2BE58C092B05:41,3064,3221,129,246,0,0,0,0,0,0,0,0,0
FC3E30656280F28499E85F0E48087DB3:171,770,0,3954,4182,0,0,3239,0,0,433,0,0,0
FE7EA22A18FFA95E16156F336A7AD50C:0,0,0,0,492,0,0,11,0,0,0,0,0,0
FE8DA6EA3615C23E7B24002C012EC96E:139,0,0,228,1442,0,1953,0,0,0,824,0,61,0
FF0D38C72EB2B26FBD1F501185CC6B6F:557,32,0,32,42,0,0,0,0,0,0,0,0,0
FFFC797556611242E316E22CD5743F3D:118,270,2247,353,12834,0,374,2627,0,0,1231,0,628,0
